25 75
17 7 gt -5
21 1 gt 28
14 5 lt -17
3 2 lt 20
10 0 lt 8
1 12 lt -8
20 1 lt -7
7 6 gt 9
7 15 gt -16
24 1 lt 0
16 1 lt -28
8 1 gt -2
2 10 gt -13
22 1 gt -17
22 3 gt 7
11 11 gt -2
5 20 lt -21
23 2 gt 30
1 15 lt 16
24 1 lt -1
5 0 lt 5
22 0 gt -23
20 5 lt -6
18 0 gt 1
18 6 gt 6
18 3 lt -13
24 1 gt 12
6 3 gt -12
5 20 lt 5
3 12 lt 15
13 7 gt 15
11 12 lt 11
25 0 gt -19
3 17 gt 24
2 2 gt 28
17 3 lt 15
21 4 gt 25
14 10 lt 15
21 1 lt -6
4 17 gt -28
5 5 lt 6
5 2 gt 25
7 14 gt 7
24 1 lt 20
21 1 gt -9
12 10 gt 29
12 11 lt -3
2 8 lt -15
22 0 lt 28
3 6 gt 26
24 0 gt -14
10 15 gt 10
5 18 gt 17
14 6 gt 24
8 1 lt 19
6 1 lt -18
7 4 gt 2
8 1 gt 24
3 11 gt -4
13 0 gt 27
4 11 lt -8
12 6 gt 15
14 3 lt 29
7 6 gt 21
15 2 gt 14
24 0 gt -2
24 1 lt -8
16 5 gt 6
16 5 lt 10
14 9 lt 29
1 17 gt 28
21 1 lt -14
11 7 lt -26
13 0 lt 17
22 1 lt 1
78 80
47 1 lt -9
44 5 gt -10
40 12 gt 18
38 15 lt 1
50 3 lt 21
68 10 gt 8
9 53 lt -16
35 27 gt -3
64 3 lt -29
37 20 gt -14
78 0 gt 21
53 13 lt -14
75 1 gt 10
60 7 lt -9
71 0 lt -5
74 3 gt 8
40 36 gt -9
2 28 lt 30
49 0 gt -27
10 10 gt 17
23 11 gt -20
29 43 lt 20
9 28 gt 17
62 9 gt 18
4 58 gt -30
61 0 gt -25
44 4 gt 19
71 0 gt -22
39 18 lt 16
60 18 gt 22
34 41 lt -12
35 35 lt -20
1 76 lt -12
5 0 lt 27
32 25 gt 15
66 3 gt -2
25 3 lt 17
77 1 lt -25
35 21 gt 24
73 3 gt -25
70 0 lt 1
68 1 lt -21
54 7 gt 4
2 9 lt 20
54 3 lt -23
4 59 gt 29
62 14 gt -10
20 14 lt -5
4 39 lt 7
20 12 gt 21
46 27 gt 22
27 22 gt -30
13 11 gt 24
31 17 lt 20
15 1 gt -29
67 7 lt 13
20 51 lt -2
60 15 lt -5
77 1 lt 27
9 14 lt 10
29 20 gt -13
7 52 lt -18
59 4 gt -25
4 5 lt 1
54 13 lt 8
18 27 gt 17
41 27 lt 2
32 22 lt 21
41 26 gt 26
15 20 gt 30
77 1 lt -12
61 4 lt -7
19 20 gt -21
69 5 gt 6
35 28 gt 16
56 15 gt 2
51 5 lt -6
36 21 gt -29
26 30 lt 6
32 36 gt 24
95 87
10 80 gt -22
39 25 lt 20
47 36 lt -3
73 7 lt 10
32 6 gt 13
32 43 gt -8
81 14 lt -16
13 74 lt -28
93 2 gt -13
7 75 lt 19
25 48 gt -25
59 20 gt -23
51 6 lt -9
28 37 lt 17
11 4 gt 26
36 31 gt 7
77 0 gt -9
38 9 lt 22
4 65 gt -14
18 35 lt 24
2 57 lt 17
79 1 gt 13
68 9 lt 9
43 51 lt 18
68 15 lt -28
3 81 gt 22
53 5 gt -21
18 46 lt 20
22 18 gt -5
78 3 lt -20
14 62 lt 15
39 39 lt 6
37 15 gt 14
95 0 lt 29
78 14 gt 18
27 19 gt 29
59 34 lt 10
30 65 lt -19
38 24 lt 27
57 28 gt 17
80 14 gt -25
93 1 gt -21
7 16 gt 23
77 16 lt 17
6 30 gt -10
95 0 lt 16
55 13 lt -20
57 6 gt 24
27 39 lt 14
67 24 gt -10
16 59 gt -16
49 33 gt 11
31 35 gt 5
78 4 gt -10
47 33 lt -11
31 59 lt 1
94 1 lt 23
89 6 gt 25
49 8 gt 15
43 9 gt -5
36 2 gt -14
54 16 gt -23
94 0 gt -16
49 44 gt -13
55 33 gt -9
61 13 gt 4
17 19 gt -22
67 16 lt -5
22 31 lt -1
53 22 gt 21
81 4 gt -13
89 3 lt 21
51 43 lt 3
61 23 lt 16
75 14 gt 22
5 47 gt 4
70 14 gt 17
95 0 gt 4
8 61 gt -1
69 18 gt -18
73 13 gt -12
32 22 gt 10
4 41 gt -1
66 20 lt -7
34 40 gt 0
67 3 lt -20
43 14 gt -23
13 66
3 8 gt 0
8 2 gt 7
7 6 lt -11
5 1 lt -21
9 2 lt 7
10 3 gt 20
10 3 gt 20
6 4 lt -9
9 2 lt 18
7 6 gt 8
1 7 gt 5
13 0 lt 19
4 7 lt 3
12 1 gt 15
13 0 gt 23
1 8 lt -21
3 9 gt -14
6 2 gt -3
1 6 gt 17
6 1 gt -25
3 1 gt -22
6 0 gt -20
10 1 gt -1
3 8 lt 25
6 0 gt 14
1 0 lt 10
6 3 lt 29
13 0 gt -22
9 0 lt -3
7 2 lt -2
12 1 lt -4
10 3 lt -20
8 1 lt -22
4 1 gt -19
5 0 lt -6
12 1 lt 25
10 3 lt -13
13 0 lt 28
1 10 lt 16
11 1 lt -15
8 4 lt -12
11 1 lt -6
12 0 gt -26
1 6 gt 1
6 7 lt -5
10 0 gt -26
3 7 gt -25
2 3 gt 25
11 0 gt -25
2 10 gt 25
2 3 gt 18
4 3 gt 15
11 2 gt -10
6 1 lt -1
2 0 gt -2
5 4 lt 29
9 1 lt -9
5 0 lt -21
8 0 lt 14
4 2 lt 5
7 4 lt 5
12 1 gt -6
12 0 gt 23
8 0 lt -25
2 0 lt 4
5 3 lt -28
97 95
58 7 lt 1
62 9 lt 22
21 36 lt -27
15 73 lt 29
49 16 lt -4
78 18 lt 0
31 38 lt 21
36 58 gt -29
9 55 lt -25
69 13 lt -4
65 32 lt 29
89 5 gt 16
60 15 gt -7
31 0 gt -8
90 5 gt -1
84 8 gt -6
19 66 lt -5
37 20 lt 12
69 22 lt -29
38 5 lt -8
94 3 gt -18
85 5 lt -7
43 29 gt 12
56 38 lt -4
68 9 lt 22
49 19 lt 30
10 10 gt 14
11 50 lt -29
65 23 lt 19
11 30 lt 7
63 17 gt 24
33 54 lt -16
62 24 gt -25
9 39 gt 3
87 2 gt 1
43 16 gt -1
11 35 gt -23
24 40 lt -29
48 35 gt 7
57 36 gt -10
84 9 gt 16
75 3 lt -13
82 8 gt -19
95 0 gt -15
14 1 lt 16
58 16 gt -8
29 58 lt -19
79 12 lt 0
31 3 lt -21
2 42 lt -22
97 0 lt 7
75 21 lt -2
85 8 lt -25
79 17 lt -6
69 11 gt -9
4 47 gt -7
37 55 gt 8
11 11 gt 23
47 11 gt -5
17 40 gt 11
50 40 lt -5
25 31 lt 10
60 20 lt 25
79 0 gt -26
16 15 gt -28
36 53 lt -11
23 18 gt 6
69 25 lt 28
30 49 lt 21
84 10 lt -3
16 23 gt 4
84 3 gt 25
79 10 lt 19
65 19 gt 24
35 19 gt 30
69 26 lt -25
9 31 lt -5
18 53 lt 28
88 1 lt 23
4 88 gt 7
5 54 gt 27
72 16 lt -2
34 9 gt 3
61 5 gt -23
56 9 lt -16
81 15 gt -14
38 40 lt 20
41 19 gt 17
53 40 gt -19
60 5 lt -7
41 31 gt 0
19 38 lt -4
34 18 gt 21
41 54 lt -26
51 5 lt 17
23 8
3 16 lt 25
3 3 lt -30
23 0 gt -14
21 2 lt 26
15 5 gt 29
2 18 gt -28
3 1 lt 26
7 1 lt -16
56 49
23 17 lt -7
15 16 lt -18
10 1 gt -14
4 33 gt 11
17 4 gt -22
25 15 lt -10
18 36 lt 23
24 0 lt -23
36 8 lt -28
23 16 gt 15
43 10 lt -15
27 0 gt 1
43 6 gt 11
45 4 gt 16
40 14 gt 4
12 22 lt -27
14 40 lt -19
25 22 lt 3
55 0 gt -21
28 23 lt 18
28 11 gt 7
18 6 gt 6
40 14 lt 6
28 18 lt 17
12 5 lt 29
4 41 gt 18
51 0 gt 14
21 30 gt 9
6 10 lt 16
10 10 gt 24
36 5 gt -14
14 3 gt -6
20 8 lt 19
16 18 gt 28
53 2 lt -16
19 23 lt -28
16 29 lt 14
28 25 gt -15
33 23 lt 14
17 5 lt -26
3 40 gt -13
42 11 gt -21
36 11 lt -13
23 11 gt 0
51 1 lt -20
14 15 lt 19
21 35 lt 14
12 38 gt 14
7 24 lt 26
27 10
10 8 lt -19
6 5 gt -24
23 1 gt 6
2 24 lt -20
8 15 gt 26
13 8 gt -21
24 2 gt -13
17 3 lt -5
23 2 lt 4
13 0 lt 5
4 64
2 1 lt 17
3 0 lt 8
1 2 lt -29
2 2 gt 6
4 0 gt 21
2 2 gt -26
3 0 gt 14
2 2 gt 7
1 2 gt -9
1 3 gt -21
1 0 gt -25
4 0 gt -25
2 0 lt 19
1 0 lt 20
1 3 lt 28
2 1 gt -20
1 2 lt -6
4 0 lt -8
1 2 lt -15
1 1 gt -1
2 0 gt 11
1 2 gt 18
2 2 lt 29
4 0 lt -7
3 0 gt 7
2 0 gt 8
4 0 lt -22
1 3 gt 3
2 1 gt -27
4 0 lt 2
3 1 gt 4
1 3 gt 10
1 1 lt -12
1 0 lt -3
1 2 lt 27
4 0 gt 27
3 1 gt 18
2 0 lt -1
4 0 lt 5
3 0 gt 30
2 2 lt -21
3 1 gt -8
3 0 lt -21
2 1 gt 13
3 0 lt 20
1 2 gt 11
2 0 gt -25
1 0 lt 4
2 1 lt -4
4 0 lt -5
2 1 gt 2
4 0 gt -7
3 1 gt 9
1 3 lt 30
1 1 lt -8
3 1 lt 20
1 0 lt -6
4 0 lt -16
1 0 lt -21
3 0 gt -9
1 0 gt -28
1 1 lt 14
1 1 lt 9
4 0 gt -25
82 47
55 15 lt 20
74 8 lt 30
8 29 lt -25
59 16 lt -1
71 11 lt 29
69 6 gt 19
81 1 gt -24
8 26 lt 4
28 19 gt -18
69 7 lt -10
66 2 lt -20
64 9 lt -19
10 61 lt -17
70 12 gt -10
42 10 lt 26
8 41 lt 2
76 4 gt 14
19 48 lt -15
53 26 lt -26
30 9 gt -19
75 4 lt 8
19 10 gt 26
12 35 lt 1
24 32 gt -29
65 2 lt -13
42 7 gt -3
16 53 lt 8
69 0 gt -13
69 8 gt 7
59 8 gt 7
34 25 lt 1
43 8 lt -13
13 12 lt 17
30 0 lt -24
12 48 gt -4
32 11 lt 18
25 44 lt -3
28 45 gt -30
6 54 lt -9
71 1 gt -18
9 72 gt 24
66 6 gt 20
75 3 lt -14
9 54 gt -17
69 9 gt 14
38 7 lt 11
51 22 lt -11
0
