32 78
20 2 lt -9
16 14 lt -13
30 2 gt 29
3 4 lt 12
25 1 gt 0
8 0 lt 2
26 2 lt -24
4 7 lt -10
4 23 lt 17
14 7 gt -2
2 18 lt -28
28 2 gt 5
18 12 gt -10
28 1 lt -5
13 17 lt -5
13 5 gt 15
9 14 gt 8
24 1 gt 26
3 5 gt 12
22 0 lt 28
28 0 gt -27
7 25 gt -17
8 13 lt -2
29 3 lt 9
6 24 lt 9
11 18 gt 13
28 4 lt -7
1 31 lt -2
26 1 lt -28
29 0 gt 14
3 24 gt -11
31 0 lt 0
1 5 lt -17
3 4 gt -27
19 10 lt 14
21 3 gt -15
22 2 gt 2
20 6 lt -27
15 1 gt 28
11 3 gt 19
22 10 lt -15
6 16 lt 5
22 9 gt -25
25 7 lt 28
32 0 gt -27
21 2 gt -11
29 3 gt -12
5 10 gt -25
3 23 lt 16
18 1 gt 25
12 9 gt 26
22 4 gt 9
25 3 gt 27
2 10 lt 17
8 5 gt 23
7 2 gt 27
4 28 gt -30
30 2 gt -14
28 2 lt 1
10 18 lt 15
3 24 gt -7
12 16 gt -1
19 5 lt -11
21 6 lt 19
11 18 lt -13
1 16 lt 1
6 3 gt -9
1 5 lt 20
28 0 lt 19
25 1 gt 1
19 0 lt -1
16 13 gt -8
27 4 lt 23
21 8 gt 4
14 9 gt 19
10 12 lt -16
5 23 lt 5
31 0 gt 12
85 32
62 5 gt -2
9 33 lt 9
54 29 lt -13
30 11 gt -24
66 9 gt -12
45 16 lt 12
46 23 lt 6
62 2 gt 30
1 25 lt -10
72 8 gt -14
76 4 lt -23
74 4 lt 1
84 1 lt -21
22 0 gt 4
17 30 gt -30
6 18 lt -5
39 23 gt -26
51 19 gt 16
19 52 lt 30
46 28 gt -23
24 12 lt 7
22 59 lt 12
45 4 lt -30
30 4 gt 6
51 31 gt -13
52 20 lt 12
81 2 lt 21
46 28 lt -25
31 0 gt -21
32 10 lt -1
65 6 lt -7
12 11 lt 1
51 91
29 13 gt -8
38 10 lt 17
12 2 gt 9
10 18 gt -20
20 11 gt 25
16 14 lt -11
17 18 gt -6
22 16 gt 12
37 6 gt 28
41 8 gt -12
51 0 gt -21
2 40 lt 3
22 22 gt 26
24 3 lt 11
2 25 gt -17
34 2 gt 9
51 0 lt 10
45 3 lt 29
15 22 lt -22
44 3 gt 29
7 30 lt 12
1 5 lt -23
24 23 gt -6
42 9 gt -13
4 23 gt -19
38 6 gt -12
33 16 gt -4
31 12 lt 28
17 13 gt 21
16 21 gt 3
26 5 lt 16
25 19 gt -24
27 18 gt -30
17 20 gt -14
32 3 gt 3
14 21 lt 25
13 11 lt 13
8 9 lt 9
17 18 gt -18
18 14 gt -2
12 4 gt 28
26 15 gt -4
15 5 gt 23
7 38 lt 26
37 9 lt -20
21 9 gt -28
37 7 lt -17
7 17 lt -7
8 6 gt -29
22 28 gt 2
32 6 lt 7
8 42 gt -9
45 0 gt 27
20 25 lt -27
33 7 gt -21
18 0 gt -25
31 10 gt 17
51 0 lt 25
41 10 gt 10
22 25 gt -7
41 2 lt -15
21 25 lt 17
45 1 lt -19
15 22 lt -26
46 0 gt -17
30 13 gt -3
5 2 lt 12
24 18 gt -25
30 12 lt -25
29 7 gt -19
33 2 lt -26
44 4 lt 19
6 44 lt 25
2 49 gt 10
30 17 gt 16
4 7 gt 8
41 6 gt 14
5 12 lt 15
2 38 lt -18
24 0 lt -2
48 1 gt 18
3 7 lt 0
8 32 gt 23
48 2 gt -2
18 6 lt -21
7 34 gt 3
38 1 gt -29
30 6 gt 26
30 16 lt 9
29 4 gt -19
1 16 gt -1
96 53
73 3 gt -14
48 24 gt 2
30 19 gt 4
19 53 lt -13
72 2 lt 11
28 20 gt -23
61 2 gt -23
60 18 gt -29
31 21 lt -28
41 19 gt 16
71 10 gt 16
52 31 lt -12
29 25 lt 9
11 51 gt -29
76 0 lt -4
86 3 gt -18
73 8 gt -24
77 17 lt -25
92 0 gt -22
24 70 lt 12
70 18 lt 18
14 82 lt 4
83 3 lt -6
74 7 gt 4
74 15 lt 15
67 12 lt 0
60 8 gt -10
5 85 gt 2
64 29 gt -15
16 9 gt 12
64 13 lt -8
89 2 lt 7
74 4 gt -18
74 2 lt 12
51 7 lt 21
96 0 gt -25
88 2 gt 18
23 4 lt 13
29 45 gt -8
57 39 gt 5
53 26 gt -18
64 2 gt 2
81 6 lt -2
70 4 lt 3
4 51 lt -10
47 4 lt 19
35 43 gt -20
96 0 lt -17
92 4 lt 2
90 4 gt 27
51 10 gt 28
26 4 gt 30
95 0 gt -18
21 52
14 5 lt 3
8 11 lt 2
8 4 lt -25
16 0 gt -24
5 5 lt -19
4 16 lt 13
10 5 lt 26
1 20 gt -24
14 1 gt -21
10 4 gt 0
18 2 gt -5
17 1 lt -30
3 8 lt 17
17 2 lt 23
10 9 gt 1
19 0 lt 23
9 10 lt 24
18 0 lt -1
15 1 gt 27
17 4 gt 28
7 4 lt 24
15 0 lt -3
7 6 gt -3
13 8 lt 24
21 0 gt -30
13 3 gt -5
5 3 lt 6
21 0 lt -7
1 7 gt 15
21 0 gt 24
2 11 gt -29
11 0 gt -7
12 2 lt -7
14 6 lt -9
5 8 lt 8
21 0 lt -20
4 9 lt 11
11 6 lt -27
4 4 gt -27
11 0 gt 27
6 13 gt 16
8 4 gt 1
7 10 gt 12
3 13 gt 22
10 1 lt -1
15 6 gt 0
18 0 lt 25
11 1 gt 3
12 3 lt 29
5 14 lt -15
20 0 lt 24
9 6 lt -14
3 93
3 0 lt -25
1 2 lt -8
2 0 gt 12
3 0 gt -20
1 2 gt 21
1 1 gt -7
1 0 lt -4
1 1 gt -16
1 1 gt -6
3 0 lt 20
2 0 gt 28
3 0 gt 14
2 0 lt 21
3 0 lt -16
2 1 gt -18
1 1 gt 11
2 0 lt -20
3 0 lt -6
3 0 lt -28
2 0 lt -21
1 2 gt 21
2 0 gt 21
3 0 gt -6
3 0 gt -29
1 1 gt -27
1 0 lt 21
1 0 lt -5
3 0 lt -13
2 1 lt 18
2 1 gt -20
3 0 lt 17
2 1 lt 7
2 0 gt 8
1 2 gt -4
1 2 lt 24
2 0 lt 19
1 0 gt 9
2 0 gt 28
2 1 lt -20
1 1 gt 4
3 0 lt 24
2 0 gt 9
3 0 gt 6
2 1 lt 10
2 1 lt 11
1 1 lt -25
1 1 gt -15
1 2 gt 14
1 2 gt -19
3 0 lt 11
2 1 gt -11
2 1 lt 14
3 0 lt -7
1 2 gt -9
3 0 lt -23
1 1 lt 16
1 0 lt 24
1 2 lt 8
3 0 gt 28
1 1 lt 11
2 0 gt -5
2 1 lt -6
3 0 lt -12
2 1 gt -4
3 0 gt -25
3 0 lt -2
1 0 lt 6
1 0 lt 9
2 0 lt -23
2 0 lt 19
2 1 gt 13
2 0 gt -29
3 0 lt 17
1 0 gt 20
3 0 lt -22
3 0 lt 25
1 2 lt -8
3 0 gt 22
1 1 gt -15
1 1 gt 9
3 0 gt -7
2 0 lt 5
2 0 lt -21
1 2 lt 2
3 0 lt 4
2 0 gt 20
3 0 lt -28
3 0 gt -25
2 0 lt -16
2 1 gt 13
2 1 lt 16
3 0 gt 16
3 0 lt -27
53 19
25 21 lt 14
10 33 lt 0
49 3 lt 12
37 2 gt 0
29 19 gt 4
49 3 gt -3
47 3 lt 19
7 10 gt 15
48 1 gt -28
9 22 gt 8
7 24 lt 26
28 22 gt -13
44 2 gt -1
39 9 gt -14
16 9 lt -26
37 8 gt 7
27 13 lt 29
46 3 lt -15
21 11 gt -8
35 11
3 25 gt 18
15 12 gt -20
24 10 lt 9
22 8 gt 10
27 4 gt 27
28 2 lt 3
22 1 lt -14
2 24 lt -20
20 2 lt 6
13 21 lt -5
13 19 gt -27
96 27
69 4 gt -16
92 4 gt 25
90 0 lt -14
82 6 lt -15
55 10 gt -3
91 3 lt -2
41 27 gt -21
11 52 lt -1
50 34 gt 5
19 71 gt -28
93 2 gt -5
73 20 gt 25
71 11 lt -1
76 17 gt -13
43 41 lt -20
12 82 lt -2
33 22 lt 0
94 0 lt 21
86 6 lt 21
76 15 gt 26
96 0 lt -29
7 45 gt -8
71 7 lt -15
80 10 gt 25
58 31 gt -17
78 3 lt 27
72 5 gt -21
54 38
49 4 gt 10
54 0 lt 17
14 4 lt -3
19 15 gt -24
2 43 gt 14
47 3 gt -13
30 22 lt -5
5 8 gt 9
1 45 lt 13
8 23 lt 13
22 17 lt -11
44 9 gt -21
4 23 gt -13
24 25 gt -21
14 34 gt -6
44 0 lt -8
44 2 gt 7
34 18 gt 14
25 22 lt 12
16 25 lt -9
52 1 gt 17
17 0 gt 22
3 20 lt 3
8 20 lt -22
9 42 lt -19
12 21 lt 2
50 0 gt -21
46 8 gt 16
1 21 gt -26
44 0 lt 20
27 15 gt -11
4 36 gt -27
28 0 gt 4
19 18 gt -22
20 30 gt -22
32 5 lt 17
35 11 gt -28
23 13 gt 0
66 25
3 26 gt -6
19 39 lt 2
39 16 gt -27
33 28 lt 28
19 47 gt 24
26 15 lt -22
13 20 lt 20
46 13 lt 5
31 12 lt 22
7 12 lt -28
51 7 gt 13
8 6 gt -8
39 26 gt -26
47 6 lt 25
30 5 gt -15
66 0 lt -6
51 11 gt 2
37 12 lt -4
52 3 gt 25
30 23 gt -27
30 1 gt -27
60 3 lt -24
21 15 gt -7
25 26 lt 3
4 27 lt 9
4 6
1 1 lt -24
1 3 gt -9
2 2 gt 24
1 1 gt 18
4 0 gt 15
3 0 lt 24
75 100
24 21 gt 0
11 24 lt -7
67 7 lt 24
45 23 gt -10
64 4 gt 9
71 1 lt 16
25 50 gt 30
5 26 gt -3
73 2 gt -5
70 5 gt -5
70 4 gt 4
52 19 gt 9
47 10 gt 18
31 40 lt -17
71 4 lt -21
57 6 gt -26
66 4 lt -11
65 5 lt -17
26 27 gt -3
43 23 lt 16
61 14 lt -2
18 53 lt 11
10 8 gt 3
41 19 lt -25
57 0 lt -13
41 28 lt 20
53 4 lt 5
55 18 gt 13
58 9 lt 24
45 4 gt 25
62 5 gt 15
46 22 gt 11
58 6 lt 5
35 35 lt 8
30 5 gt -15
25 44 lt 20
21 51 gt 10
5 18 lt 0
67 4 lt 14
12 25 lt -17
32 12 gt -25
18 38 gt 2
57 13 lt -30
30 12 lt -21
31 14 gt -12
15 35 gt 29
63 3 gt 13
6 6 lt -7
9 57 gt 21
67 8 gt 22
30 34 lt 0
13 15 gt 25
38 19 lt -12
41 5 lt 7
47 3 gt 1
73 2 lt -30
15 44 lt 4
53 11 lt -4
61 8 gt -30
60 3 gt -3
71 3 lt -20
28 22 lt 11
48 7 gt -19
58 17 gt 1
16 36 lt -13
19 16 lt -27
38 24 gt -11
50 14 lt 19
24 50 gt -11
71 1 gt 23
32 19 lt -11
39 3 lt 28
16 19 gt -13
58 4 lt -29
14 58 gt -13
54 15 lt 12
67 0 gt 14
7 29 lt 1
5 45 lt -30
52 4 lt 26
73 1 gt 1
31 2 lt 5
68 3 gt -10
2 3 lt -22
39 34 lt -15
23 11 lt 15
44 22 gt 23
50 10 lt -19
29 26 lt -9
51 13 gt -19
9 25 lt 14
23 25 gt -26
12 11 lt 10
28 5 lt 2
4 64 lt -20
75 0 lt 15
39 23 lt 27
74 1 lt -8
27 39 lt 9
5 17 lt 16
96 55
26 63 lt 17
23 47 gt -7
8 44 lt 22
78 16 gt 5
25 51 lt -20
65 30 gt 12
8 62 lt 5
44 40 gt -12
94 2 gt 7
48 38 gt -4
21 40 lt -26
28 56 gt -11
46 40 lt 15
22 7 gt 18
75 10 gt -18
3 76 lt -18
26 24 lt -3
18 4 lt -2
95 0 lt -21
19 51 lt -5
63 17 gt -23
94 0 gt -8
5 33 gt -21
9 29 lt -4
56 38 gt 18
66 19 lt -2
49 45 lt -16
35 38 gt -4
66 14 lt -19
55 1 lt 2
30 17 lt 27
6 39 gt 26
32 31 gt -17
62 25 gt 0
71 3 lt -16
43 13 gt 19
79 8 gt -19
49 2 gt -24
21 0 gt 9
27 21 gt -24
75 13 lt -20
45 42 lt -8
4 39 gt -17
63 16 gt 12
50 31 lt -1
90 5 lt -24
87 0 lt -14
32 39 lt 15
95 0 lt -26
3 77 gt 8
30 23 lt 27
48 34 lt -13
44 4 gt -7
30 46 gt -11
35 19 gt 18
7 29
4 0 gt -1
5 1 gt -8
6 0 lt -17
5 1 lt -8
2 1 gt 14
5 1 gt -2
3 0 gt -10
3 0 lt 30
6 0 gt -24
7 0 gt 0
1 2 lt 22
7 0 lt -26
2 3 gt 0
7 0 lt -8
4 0 gt -9
1 5 lt 18
5 1 lt 25
6 0 lt -17
6 1 lt 23
4 0 gt 29
2 0 gt -28
6 0 lt -28
2 4 gt 30
6 1 gt 2
3 1 lt -3
4 2 gt -3
6 0 lt -3
5 0 lt 29
1 5 lt 10
65 50
17 47 gt 16
40 21 lt 0
33 0 lt -8
17 36 gt 26
55 1 lt 13
14 21 gt -12
31 20 lt -2
15 35 lt -18
16 12 lt -11
2 28 gt 28
61 2 gt 20
9 10 gt 5
55 6 lt 0
46 5 lt 16
48 13 gt 17
9 13 gt -14
37 13 lt -7
15 10 gt -19
48 8 gt -1
48 11 gt -22
27 30 lt 20
2 47 gt -7
45 16 lt 12
48 0 gt 4
64 1 gt 16
56 6 gt 9
2 8 gt 1
49 9 lt 6
40 15 gt -1
65 0 gt 19
18 32 gt -10
32 10 gt 9
12 10 gt -5
43 21 lt 12
11 4 gt 18
22 37 lt -20
7 23 lt -12
13 49 gt -17
54 4 lt 20
39 14 gt 6
57 2 gt 22
1 33 gt -29
48 17 lt -2
38 22 lt -26
47 18 gt 18
8 42 lt -19
52 6 gt -29
27 31 lt 20
46 9 gt 24
61 0 lt 4
47 77
9 25 lt 27
13 29 lt -1
5 20 gt -12
3 41 gt 23
7 0 gt 16
30 10 gt 10
26 13 gt 14
16 31 gt 7
46 0 gt 14
26 0 gt -6
33 8 gt -22
45 2 lt 13
17 0 lt 23
7 31 gt -1
9 38 gt 17
13 2 gt 7
23 0 gt -8
45 0 lt -11
28 6 lt -21
22 17 gt 20
28 19 lt 14
17 0 gt 0
39 6 gt 27
13 14 gt 14
34 2 gt -7
35 2 lt 24
35 5 gt -24
22 7 lt -24
9 9 gt 9
29 10 lt 9
20 22 gt 15
31 10 gt 1
10 36 gt 6
4 29 lt 20
38 5 gt -8
30 15 lt 20
11 6 gt -28
16 14 gt 2
18 22 gt 15
3 2 gt -4
29 8 lt 13
21 22 lt 20
17 20 lt 29
27 19 lt -11
31 3 lt -21
20 0 lt -18
9 22 gt -26
8 2 gt 2
34 7 lt 15
25 22 lt -23
28 5 gt 25
12 32 lt -27
21 1 gt 11
1 25 gt 30
47 0 lt -25
35 5 gt -7
1 41 lt 24
17 29 gt 17
4 29 lt 9
17 30 gt -22
46 0 gt 10
33 6 lt 15
27 17 lt -5
9 15 gt 14
22 16 gt 4
18 29 gt -26
6 41 lt -6
12 16 lt 2
4 16 lt -19
19 15 gt -16
19 17 lt 29
4 24 lt 4
10 32 lt 17
44 2 lt -24
47 0 lt -12
7 38 gt 9
21 0 gt -17
57 67
54 1 lt -17
13 10 gt -23
26 19 lt -1
23 21 gt 23
17 35 lt 21
36 12 gt 13
27 10 gt 24
15 33 gt 29
39 12 gt -12
14 12 gt -26
11 25 lt -22
8 30 gt 30
51 4 gt -27
11 46 gt 15
13 42 lt -25
18 15 gt -5
7 32 lt 2
25 2 lt -21
35 17 lt 9
36 16 gt -12
6 50 gt 16
36 4 gt -18
27 21 gt -28
30 16 gt -16
38 2 gt -4
48 0 lt -4
30 8 lt 22
4 13 gt -29
16 28 gt -12
10 24 gt -24
2 40 gt -30
29 20 gt -2
26 28 lt -29
4 9 lt -28
3 35 lt 10
55 1 gt 3
48 7 gt 21
40 12 gt -29
8 9 gt 26
3 17 lt -3
40 0 gt 26
7 1 gt -27
2 34 lt 9
7 26 gt -21
31 7 lt -2
49 2 gt -19
18 15 lt 0
7 29 gt 18
42 8 lt -28
8 36 gt 19
25 32 lt -2
32 1 lt -28
46 0 gt -23
54 1 gt 11
18 8 lt 29
18 33 lt -14
24 12 lt 8
28 6 lt 14
51 4 lt -7
53 4 lt 18
33 21 gt -5
43 5 gt -18
24 29 gt -8
42 10 gt 26
36 1 gt -5
46 1 gt 18
26 7 gt -17
100 38
58 25 gt -7
84 13 lt 19
41 54 gt 18
99 1 gt 13
54 2 lt -26
29 28 gt -25
35 10 gt 25
75 17 lt -11
15 45 gt -1
2 65 lt 30
71 12 gt -28
17 72 gt 22
84 4 gt 2
95 1 gt -13
2 70 lt -10
50 24 lt 19
44 44 gt -17
34 16 lt 19
56 34 lt -5
82 15 gt 13
99 0 gt -17
83 0 gt 14
81 19 lt 8
60 39 gt -26
64 33 gt -4
10 67 gt 12
37 26 gt 20
24 36 lt 28
45 45 lt -15
15 49 gt -19
52 19 lt -28
93 4 gt 10
35 45 lt 7
4 28 gt -16
94 6 gt -6
85 7 lt -22
57 1 lt -22
21 72 gt -29
90 91
5 31 lt 14
63 11 gt 19
39 8 gt 30
66 21 gt -4
43 12 lt -12
21 21 lt -19
52 5 gt 23
49 39 gt -23
62 18 gt -13
20 47 lt -15
48 33 gt -20
80 9 lt 5
45 42 gt -12
50 28 lt -15
30 59 lt -19
40 9 gt 13
47 19 lt -3
33 56 gt -10
13 45 gt -8
66 22 gt 13
20 7 gt 8
75 0 lt 9
33 55 lt 15
70 6 gt 16
60 9 lt -30
29 20 gt -26
72 11 gt 20
72 15 gt -24
46 2 gt -29
55 23 gt -19
73 16 lt -17
41 22 gt 14
67 3 lt 29
6 18 lt -20
38 5 lt 21
59 3 gt 2
65 4 gt 26
62 1 lt 20
87 3 lt -20
31 24 gt -15
68 5 lt -21
45 43 lt 9
16 73 lt -7
49 17 lt 7
39 22 gt 29
65 18 lt -15
29 20 gt 24
49 22 lt -7
52 37 gt -10
57 5 lt 8
54 3 gt -19
39 17 lt -13
43 17 lt 22
1 79 gt 25
36 24 lt 30
63 11 lt -2
65 18 lt 28
85 0 lt -7
32 48 gt -15
72 6 lt -17
75 10 gt -21
65 21 lt -1
63 2 gt -26
45 34 lt 17
6 29 gt 10
25 63 gt 9
2 28 gt 22
27 37 lt 6
30 13 gt -26
72 8 gt -26
64 7 gt -25
38 14 gt 21
26 25 lt 14
76 7 gt 16
64 5 gt -10
33 46 gt 4
52 13 gt 30
16 67 gt -1
28 5 lt -2
10 77 lt -4
15 5 lt 1
36 15 lt -6
90 0 lt 25
60 0 lt 14
16 26 lt -30
53 3 lt -9
42 18 gt -18
6 49 gt 13
44 27 gt 21
71 9 lt -2
39 12 gt -14
60 18
16 8 gt 2
13 32 gt -10
36 23 lt 5
31 13 gt 29
54 3 lt -2
39 16 gt -29
25 35 gt -25
15 20 gt -1
24 28 gt -28
49 10 lt -16
43 2 lt 10
10 2 lt -2
51 3 gt 2
48 1 gt -28
3 3 lt -10
53 7 lt 11
13 0 lt 28
34 2 gt -27
58 42
18 39 gt 1
25 14 lt -13
5 21 gt 26
34 15 gt -30
52 1 gt 4
27 17 gt -22
40 11 lt -10
48 2 lt 30
41 1 gt 15
54 0 lt 14
16 19 gt 26
35 16 gt 29
53 0 gt -9
19 29 gt -14
5 43 gt 24
58 0 lt -17
40 11 lt 11
42 2 lt 10
24 18 gt -10
48 5 gt 0
26 1 lt 4
49 0 gt 5
36 11 gt -27
42 9 gt 26
26 6 lt -28
6 2 lt 14
54 2 lt -19
57 0 lt 15
51 2 gt 28
7 21 gt -19
41 13 lt -19
31 26 gt 11
19 24 lt 7
33 25 gt 12
44 1 lt 13
25 18 gt 15
33 9 gt -1
29 22 lt -6
40 15 gt -11
25 16 gt 14
7 32 gt 26
20 4 lt -28
31 62
3 22 gt -25
30 1 lt -4
13 8 lt 15
12 7 lt 5
23 3 lt -20
22 3 lt 19
28 3 lt 8
14 16 lt 13
31 0 gt 4
25 2 lt -5
7 7 gt -5
22 4 gt -12
27 4 gt -19
27 1 gt -13
22 2 gt 11
26 1 lt 27
7 12 gt -26
26 2 lt -2
25 6 gt -22
22 5 lt 24
5 21 lt 25
10 15 lt 0
17 8 gt 20
25 3 lt -27
8 17 gt 19
31 0 lt 13
14 8 gt -25
6 3 gt 0
14 8 gt -4
1 2 gt 4
26 1 gt 29
27 1 gt 30
4 6 lt -16
26 1 gt 27
15 9 lt 26
5 13 gt 11
17 4 lt 9
2 25 gt -16
28 3 lt 14
30 0 gt 26
12 4 gt -29
15 1 gt 17
23 8 gt 1
31 0 gt -25
5 26 gt 0
10 5 lt -11
26 1 gt -11
14 14 lt 21
6 25 gt 1
24 1 gt -1
30 0 lt -3
14 13 gt -28
22 6 gt -25
19 4 lt -23
31 0 gt 19
24 3 gt -24
19 11 gt -7
25 0 gt -16
7 15 gt 23
11 9 gt -21
26 5 gt -30
6 17 gt -5
90 15
23 15 gt -28
59 29 gt -26
26 11 lt 22
89 0 lt 27
68 12 gt -9
61 3 gt 27
78 6 lt 23
63 11 lt 0
17 3 gt -3
8 8 gt 27
73 12 lt -2
57 33 gt 17
9 67 lt -15
23 12 gt 8
9 69 lt -7
34 48
12 6 lt 29
8 2 gt -16
28 3 lt -5
19 3 gt 23
23 7 lt 8
1 13 gt 28
13 15 gt -18
4 12 gt 27
10 6 lt 21
2 11 gt 20
28 3 gt 16
4 14 gt -27
7 22 gt -10
16 16 gt 20
5 1 lt -3
30 3 lt 16
25 3 gt 8
28 5 gt 2
29 4 gt -27
15 14 gt -15
33 1 gt -27
9 17 gt 14
30 0 gt -8
27 3 lt -5
27 2 gt -20
28 6 gt -24
29 0 gt -22
24 1 gt 21
28 3 lt -8
23 7 lt 24
19 9 gt -2
7 15 gt 10
17 6 gt 2
28 6 gt 21
19 8 lt 19
22 3 lt 17
8 9 lt 19
10 10 lt -18
32 2 gt 15
3 23 gt -5
17 8 gt -14
26 0 gt 28
24 8 lt -10
32 1 lt -9
13 15 gt 9
4 29 gt 30
10 22 gt -13
11 13 lt -7
96 52
91 1 gt 25
43 28 gt 9
32 53 lt -17
88 1 lt -28
74 8 lt 30
85 2 gt 11
34 59 lt 5
71 15 gt -14
15 29 gt 1
18 58 gt 6
49 38 gt -13
48 47 gt 13
81 7 lt 3
51 6 lt -5
15 57 lt -1
68 9 gt -30
92 2 gt 6
10 47 gt 22
71 0 gt -9
65 8 gt 14
30 33 lt 0
37 9 gt -28
76 12 gt -28
23 17 gt 16
3 55 gt 17
75 20 lt 16
1 78 gt 2
35 2 lt -3
45 3 lt 2
95 1 gt 29
60 28 lt 17
65 3 lt 25
58 31 gt -2
94 2 lt 4
49 23 lt -8
66 30 lt -17
94 1 lt -26
83 4 lt 22
51 0 lt -1
20 3 lt 19
25 50 lt 19
20 9 gt 24
57 31 lt 0
41 6 gt 18
33 52 gt -23
28 51 lt 8
53 36 lt -15
55 11 gt 6
83 0 lt -25
31 57 lt -22
25 39 lt -18
57 24 gt 21
52 83
43 1 gt -7
23 15 gt -24
16 29 gt -24
22 5 lt 26
36 4 gt 29
42 3 lt -3
40 5 gt -25
35 3 gt 3
25 22 gt 20
3 16 gt 16
46 5 lt 17
52 0 gt -21
39 8 gt 12
50 1 lt -1
22 19 lt -21
7 16 gt -18
35 1 lt -4
35 3 gt 4
48 2 gt 4
10 19 gt -17
40 5 gt -20
35 4 gt -22
41 10 lt 17
1 6 gt -19
35 10 lt -2
3 22 lt -16
43 2 gt -11
10 29 lt -16
26 17 gt 8
9 14 lt -9
29 20 lt 26
51 0 lt -2
31 11 lt -3
28 14 gt 28
49 0 gt 22
38 9 lt -10
11 21 gt -14
22 20 gt -22
34 3 lt 18
49 2 lt -11
51 0 gt -17
28 21 gt 3
9 22 lt 29
34 8 gt -8
20 12 lt 24
21 1 lt 12
4 36 gt 30
14 7 gt 24
42 2 lt -23
37 4 lt -11
22 18 gt -1
44 0 lt -1
7 26 lt -26
46 5 lt -9
8 18 lt -29
28 16 gt 1
20 10 lt -22
22 10 lt 19
20 0 lt 0
33 19 gt -8
21 23 lt -25
18 17 lt -30
14 33 gt -24
32 12 gt -12
42 2 lt 11
20 29 lt 10
10 38 gt 0
51 1 gt -20
42 7 lt -18
36 12 lt 10
15 33 gt -10
45 4 lt 26
48 2 gt 12
27 20 lt -23
25 21 gt -10
15 20 lt -18
16 6 lt -9
11 21 gt 14
9 34 lt 9
38 5 lt 10
12 13 lt -11
23 15 lt -21
35 1 lt 1
30 59
25 3 gt -4
23 1 lt 3
16 13 gt 17
15 7 gt 30
22 1 lt -8
11 18 lt -30
29 0 gt -17
18 3 gt 14
8 1 gt 11
23 2 lt 16
14 1 lt 22
7 15 lt 25
11 13 gt 26
3 1 gt -25
2 12 gt 19
12 1 gt 9
17 11 lt -30
4 22 lt 0
4 22 lt -7
14 8 gt 14
9 4 gt 25
23 1 lt 26
7 7 gt 27
15 7 lt -13
11 2 gt -2
24 4 lt -5
5 18 lt 4
2 2 lt 19
19 0 gt 18
10 10 lt -8
30 0 gt -29
20 0 gt -26
28 1 lt 5
18 2 lt -29
10 9 lt 5
20 9 gt -7
10 7 lt 9
8 10 lt 29
25 3 lt -8
23 7 gt 22
9 0 lt 3
4 3 lt 12
7 16 gt 0
19 10 gt -5
23 2 lt 21
30 0 gt -13
28 2 gt -13
13 15 gt -26
1 11 gt -14
30 0 gt -15
22 8 lt -17
13 17 lt 10
7 3 gt -19
22 0 gt -20
30 0 gt 22
15 10 lt 24
5 17 gt -4
28 1 lt -12
13 8 lt -19
8 78
5 2 gt -25
7 1 lt -10
5 2 gt 15
2 3 lt 17
4 0 gt 12
4 3 lt 27
6 2 gt -2
5 1 lt -18
6 0 gt 19
8 0 gt 28
5 0 lt -30
1 2 gt 21
3 4 gt -30
7 1 gt -10
8 0 lt 0
5 3 gt 19
4 3 gt 21
7 0 lt -7
1 7 gt 30
3 1 gt -7
2 6 lt -19
5 1 gt -25
1 0 gt -15
7 0 lt -27
3 2 lt -8
6 1 lt -1
8 0 gt 28
2 4 lt -19
4 0 gt -19
3 5 gt -4
3 3 lt -22
1 0 gt 23
4 0 gt 16
3 1 lt 8
3 2 lt -9
3 1 gt 16
7 0 gt -1
1 0 lt -12
2 0 lt 26
1 7 gt 6
1 4 lt 20
8 0 lt -16
5 1 lt -29
5 0 lt -23
6 1 lt -10
3 5 gt 22
1 5 gt 18
4 4 lt 23
7 1 lt 28
1 3 gt -27
3 0 gt -18
4 1 gt -22
3 2 gt 24
1 2 gt -25
4 3 gt 11
1 4 lt -23
4 2 gt 7
6 1 lt -1
3 3 gt 21
5 1 gt 26
2 0 gt 23
4 4 gt 24
3 0 gt 27
7 0 lt 17
8 0 gt 16
7 1 lt 21
2 1 gt -17
3 2 gt 5
6 0 lt 30
8 0 lt 24
5 0 lt -17
2 5 lt 22
8 0 gt -18
5 3 lt 27
5 3 lt 26
6 1 gt 20
4 1 gt 12
5 3 gt -10
56 8
43 7 lt -4
48 3 gt 22
53 0 gt 27
53 0 gt -16
12 3 lt 30
48 2 lt 30
35 10 gt -18
50 3 lt -28
74 34
8 46 gt -3
69 3 gt 7
73 1 gt -7
71 3 gt 2
22 23 gt 21
28 24 lt 10
13 32 gt -9
49 18 lt -29
50 11 lt 21
34 31 lt -12
55 5 lt -24
13 55 gt -2
1 63 lt -29
13 33 gt -30
47 26 gt 26
34 3 lt -12
37 30 lt -20
24 8 gt -9
51 17 lt -23
17 19 gt -18
58 13 lt -15
49 13 lt 2
66 4 lt 2
73 0 lt 19
44 1 gt 8
4 42 gt 4
72 1 lt -9
57 9 lt -15
57 8 lt 0
56 6 lt -12
30 40 lt 27
74 0 gt 24
45 5 lt -23
1 63 lt 26
89 78
88 1 lt -20
75 10 gt -23
34 9 gt 17
43 4 lt -30
16 8 lt 10
40 37 lt -9
33 56 gt 18
45 37 gt 14
27 33 gt -11
1 44 lt 11
53 17 gt 0
84 0 lt -10
42 30 lt -7
20 38 gt -29
85 1 lt -14
80 4 gt 20
71 1 gt 6
56 32 lt -22
57 12 gt -28
35 39 lt -13
56 25 gt -26
23 19 lt -12
8 0 lt -10
67 3 gt 4
64 6 gt -11
86 1 gt 26
42 30 gt 16
65 2 gt -16
82 2 lt 28
25 20 gt 25
7 19 lt 13
18 17 lt -28
14 33 gt -3
43 46 gt -7
65 13 lt -25
36 48 lt -30
66 6 gt 13
86 1 lt 18
67 14 lt 2
59 2 gt 16
75 11 gt 30
31 6 lt -20
64 17 lt -6
48 8 gt -12
58 24 lt 19
1 83 lt 16
29 38 lt -9
23 56 gt 26
54 17 lt -14
71 13 gt 22
13 61 gt -10
48 40 lt 3
80 0 lt -30
80 5 gt 29
30 30 lt 5
28 56 gt -26
65 16 gt -17
3 46 lt 30
45 16 lt 17
56 14 lt -25
5 1 gt 9
47 11 lt -12
5 24 gt 7
4 34 gt -16
15 54 gt 15
6 36 lt -2
48 7 gt -13
73 0 lt -7
47 24 lt -19
21 56 gt -4
68 19 gt 8
59 4 gt 13
64 24 lt -14
50 29 gt -13
58 23 lt -27
58 21 gt -28
80 8 lt 5
62 0 gt -13
84 35
13 67 gt -1
74 4 gt 6
8 27 lt 19
45 28 lt -1
31 35 lt 3
31 22 lt 29
11 24 gt 1
78 3 lt -11
42 9 gt -29
8 64 gt -14
37 40 gt 11
59 7 lt -11
67 15 gt -24
84 0 gt -21
58 17 gt -29
33 46 gt -24
9 40 gt 22
48 35 lt -17
25 20 gt -7
34 47 gt 7
53 17 lt -24
57 4 lt -23
63 16 gt 2
20 2 lt -22
17 18 lt 5
17 6 gt -15
15 28 gt -20
35 42 gt -7
57 21 gt 24
64 6 gt 29
75 7 lt -2
8 40 gt 16
78 1 gt 0
2 50 lt -7
40 44 lt -8
1 50
1 0 lt 27
1 0 lt -30
1 0 lt 13
1 0 gt 28
1 0 gt 22
1 0 gt -13
1 0 gt 10
1 0 gt 27
1 0 lt 0
1 0 lt 27
1 0 gt -26
1 0 lt -4
1 0 lt -7
1 0 gt -5
1 0 lt 19
1 0 lt -27
1 0 lt -9
1 0 gt 27
1 0 gt -28
1 0 lt -20
1 0 gt 10
1 0 lt 20
1 0 lt -15
1 0 gt 30
1 0 gt -26
1 0 lt -22
1 0 gt -22
1 0 gt 12
1 0 gt -8
1 0 lt -3
1 0 lt -8
1 0 gt -11
1 0 gt 18
1 0 gt 30
1 0 gt -13
1 0 gt -21
1 0 gt -17
1 0 lt -9
1 0 gt -15
1 0 lt -6
1 0 gt 15
1 0 lt 9
1 0 lt 16
1 0 lt 25
1 0 lt -13
1 0 lt -9
1 0 gt 19
1 0 gt 16
1 0 lt 0
1 0 gt 3
95 31
1 6 gt 0
47 17 lt -30
38 49 lt 18
27 7 lt 14
43 50 gt 13
20 47 lt 15
5 28 gt 1
44 30 gt 25
23 32 lt 6
23 39 lt 8
81 7 gt 6
26 42 lt 22
77 16 lt -5
61 18 gt -13
33 52 lt -16
26 51 lt -17
50 6 gt -12
12 38 lt -23
80 11 lt -18
77 10 lt 20
68 4 lt -13
2 36 lt -13
95 0 gt 20
77 15 lt -3
51 29 gt -21
48 12 lt -14
82 10 gt -14
9 5 lt 10
47 26 lt -4
2 14 lt 23
48 3 gt -2
89 98
13 61 gt -5
28 46 lt -12
37 9 gt -12
18 8 gt 25
86 1 lt 21
74 1 gt -22
57 3 lt -8
22 51 lt -8
17 7 lt -10
46 20 lt -26
3 11 gt -13
74 11 gt -14
48 27 gt -27
35 4 gt -17
81 7 gt -1
71 5 lt -26
15 50 lt -4
31 32 gt -13
30 39 gt -21
23 45 lt -4
59 26 gt 12
1 78 gt -3
52 17 gt -27
41 40 gt -7
54 32 lt 11
12 73 gt 24
14 58 lt -24
38 10 gt 0
45 22 gt 6
84 4 gt -20
2 3 gt 15
15 51 lt 18
20 1 lt -15
15 5 lt 13
24 42 lt 24
27 12 gt -3
24 57 gt -1
44 10 gt -27
13 23 lt 30
46 5 lt 9
14 9 lt -18
73 6 lt 1
82 5 gt 30
49 31 lt 0
10 55 gt -19
51 32 lt 10
75 3 gt -14
86 0 gt 29
8 14 lt 30
1 69 lt 23
9 23 gt -16
24 21 gt -29
58 22 lt 18
32 53 lt 5
25 18 lt 15
53 26 gt 3
30 23 gt -18
51 30 gt 17
77 0 gt -23
85 0 lt -1
41 22 gt -19
59 3 gt -27
4 59 lt 19
40 22 lt 23
67 12 gt 25
3 33 gt 15
44 13 lt -10
29 59 lt 26
66 19 gt -23
35 3 lt -14
45 35 gt -29
13 4 lt 18
74 8 lt 6
38 27 gt -23
1 44 lt -13
88 0 gt -1
32 54 gt 15
25 34 lt 30
34 1 gt 11
62 2 gt -1
49 32 lt -23
18 69 gt 3
22 30 lt -25
37 14 lt -26
77 3 lt -9
48 33 lt 15
63 9 gt 5
40 35 gt 27
6 72 gt 28
10 55 lt 10
29 58 lt 14
19 68 gt -29
22 47 gt -26
35 31 lt 23
34 14 gt 13
38 49 gt 30
31 30 lt 19
3 38 gt -26
90 46
66 9 gt 29
73 11 lt 20
69 19 lt 12
75 5 lt -14
74 2 lt -18
35 8 gt 20
66 0 gt 21
78 6 gt 30
73 5 gt -16
9 72 lt 25
19 31 lt 0
17 59 lt -14
5 23 lt 7
17 19 gt 20
21 66 lt 21
54 2 lt 23
22 9 gt 25
4 48 lt 21
67 14 gt -4
17 16 lt -8
69 1 gt -8
69 1 lt 19
52 37 lt 16
73 5 gt -21
71 19 gt 20
2 57 gt 0
16 7 lt 13
84 4 lt 21
72 14 gt 8
27 61 lt -18
69 11 gt -4
13 5 gt -19
84 1 lt -22
40 33 lt 23
61 15 lt 22
20 48 lt 13
70 3 gt 28
28 29 lt -10
63 17 gt -28
59 1 gt 9
74 9 lt 16
1 44 lt 26
61 9 gt -9
78 0 lt -28
32 35 gt 10
67 18 lt 26
16 98
2 11 lt -7
8 3 gt 0
10 1 lt -11
10 2 gt 30
6 5 gt -10
2 10 lt -1
13 3 gt -15
2 13 lt 9
14 0 gt -21
1 14 gt -14
11 4 lt -10
10 2 lt -25
7 0 lt 21
1 2 lt 26
11 1 lt -26
6 10 gt 24
1 6 gt -3
6 5 lt -8
2 3 lt -5
15 1 gt -5
11 5 lt 24
1 10 lt 22
8 2 lt -11
8 1 gt 9
12 4 lt 19
5 5 lt 19
1 14 gt -23
1 6 gt 7
13 3 gt 0
7 0 gt 23
9 1 gt 9
11 0 gt 18
3 4 gt -2
3 0 lt -9
7 1 lt 29
12 0 lt -27
8 7 gt -6
9 5 gt -10
1 0 lt -1
3 3 lt 0
5 6 gt -10
12 3 gt -24
7 2 lt 23
11 4 gt 24
1 12 lt 15
14 2 gt -22
1 8 gt -18
3 2 lt 27
14 1 lt -3
8 8 lt 12
1 5 lt -17
16 0 gt 18
15 1 lt 9
14 1 lt -22
9 4 gt -8
2 6 lt 27
13 1 lt 17
3 1 lt -21
6 4 lt 14
15 1 lt 19
12 2 lt 20
12 3 lt 11
12 1 gt 30
10 6 lt 6
16 0 gt -5
13 2 gt 2
2 3 lt -22
16 0 gt 8
10 3 gt -13
9 3 gt 14
1 11 gt -6
5 5 gt 4
1 11 gt 13
3 0 gt -16
1 13 gt 4
12 2 lt 24
9 6 lt 25
16 0 gt -14
14 1 lt 13
15 1 lt 27
3 13 gt 22
8 5 lt -3
7 3 lt 21
13 0 lt -4
8 5 lt 17
1 15 gt -30
11 4 lt -5
15 0 lt -3
7 7 lt -22
4 11 lt -20
9 2 lt -3
15 0 gt -11
12 1 gt 22
16 0 lt 13
12 1 lt 18
15 0 lt 30
7 8 lt -23
14 1 gt -25
97 41
52 45 gt 5
18 34 gt 19
80 8 gt 29
32 23 gt -12
20 15 gt 16
62 24 gt 18
14 47 lt 11
89 1 gt -7
90 4 lt 1
65 10 lt -28
35 44 lt -23
43 29 lt 7
33 54 lt -17
49 36 lt 12
67 9 gt 17
32 21 lt -22
31 33 gt -20
70 17 gt 23
72 25 lt 24
72 18 lt 12
5 33 gt -1
64 18 lt 8
66 31 lt 23
53 7 lt -9
39 15 gt -26
81 8 lt -26
4 52 lt -21
55 14 lt -2
57 0 gt -16
96 0 gt -2
93 2 gt 11
89 8 gt -20
56 34 lt 11
18 9 lt 20
67 16 gt 12
83 12 gt -29
27 18 gt -6
58 3 gt -17
80 14 lt 11
86 0 lt 30
44 20 gt 26
68 33
1 9 gt -7
37 4 lt -18
52 6 lt -15
58 5 gt 3
21 43 gt -25
56 4 gt -23
33 0 lt -3
2 32 gt 1
54 10 gt 3
18 47 lt -6
61 7 gt -10
36 0 gt -12
6 49 lt 25
11 0 lt -9
22 34 gt 0
19 45 lt 7
36 24 lt 4
57 0 lt 0
56 1 lt 28
1 18 lt 9
64 1 lt 1
20 37 lt -26
46 19 gt 23
22 30 lt 23
68 0 lt 19
35 20 gt 23
27 33 lt 5
6 32 gt 15
27 31 lt 18
7 44 gt -29
55 10 gt -20
15 28 gt -1
45 13 lt 6
56 94
5 11 gt 2
9 23 lt -6
15 29 gt 28
43 1 gt 23
35 2 gt 9
37 12 gt -12
9 36 lt 16
18 3 gt -18
18 20 gt 9
17 37 lt 9
38 17 gt -24
17 7 lt -24
24 23 gt -12
27 18 lt -28
9 43 lt 10
13 30 gt 3
21 2 gt -8
7 36 lt -2
22 17 lt 16
33 2 lt -6
49 2 gt 1
11 42 gt 5
17 4 gt -12
33 11 lt 30
17 39 lt -28
2 35 lt 26
35 7 lt -18
24 11 gt -27
18 15 gt 0
24 24 lt -30
56 0 gt 7
2 50 lt 12
2 42 gt 8
25 3 lt -28
51 1 lt -11
19 18 gt -8
8 17 lt 28
44 10 lt -12
32 14 lt 22
2 47 gt 25
16 0 gt -2
14 23 gt 5
32 5 lt -22
5 22 gt 12
35 3 gt 11
50 6 lt -25
33 4 lt 28
28 12 lt 21
34 17 gt 24
53 0 gt 3
52 3 gt 12
23 17 lt -4
18 6 lt -10
22 12 lt 22
55 0 gt 12
16 24 lt -10
47 4 gt 22
31 10 lt -19
11 26 lt 6
41 2 lt -13
54 1 lt 0
18 29 lt 18
39 9 lt -10
51 2 lt 8
38 13 gt -15
48 7 gt -13
49 4 gt -25
33 22 lt 12
28 14 lt -17
15 8 gt -9
51 1 lt 14
51 2 gt 23
44 12 lt 29
24 23 lt -13
37 13 gt -9
37 6 lt -15
30 6 gt 29
6 28 gt -29
10 28 gt 19
42 8 gt 22
25 12 lt -18
44 5 lt 10
55 1 gt -5
41 9 lt 13
22 21 lt 28
39 9 gt -23
43 8 lt -6
17 34 lt 4
50 2 gt 8
41 0 lt 22
48 7 lt -6
28 3 gt -21
36 3 gt 6
10 31 gt -28
19 5
4 3 gt -17
14 5 gt 3
5 13 gt 15
13 5 gt -8
9 4 lt 17
45 6
7 7 lt 16
25 0 gt -17
23 11 gt 5
11 29 gt 24
41 0 lt 24
33 2 lt -17
58 95
42 8 lt -18
4 7 gt -16
6 11 gt 13
3 22 lt -11
46 6 lt 19
15 31 lt 24
33 24 lt -16
24 26 lt 13
13 20 lt 2
37 8 lt -12
20 19 gt -18
11 9 gt -22
31 22 lt -7
52 6 lt -4
50 1 lt 5
31 8 gt -30
27 4 gt 22
2 36 gt 19
18 32 lt -13
58 0 gt 3
5 6 gt -23
27 0 lt 6
12 16 gt -19
55 3 gt 24
34 12 gt 0
43 5 lt 3
44 9 lt 26
32 26 lt -26
2 10 gt -13
21 19 gt 20
48 1 gt 23
7 32 lt -21
26 11 lt -4
23 14 lt 29
56 2 lt -23
43 10 gt 5
33 13 gt 27
17 6 lt 3
53 2 lt -22
10 37 lt 26
51 0 gt -22
1 48 gt -25
38 0 lt -20
6 13 gt -5
27 5 lt 12
34 24 gt -20
7 50 lt 25
56 1 gt -7
1 52 lt 5
14 9 lt 30
50 1 lt 18
12 31 lt -12
40 6 gt -25
30 6 gt 28
9 18 lt 6
17 28 gt -19
4 28 lt 7
42 9 lt -6
38 4 lt -15
30 28 gt -18
18 11 gt -2
4 51 gt -7
41 7 lt -15
45 6 gt 10
20 38 gt 12
14 42 gt -17
40 15 gt -30
28 25 gt -10
29 22 gt -2
36 7 lt -14
27 6 lt 1
49 6 gt 16
32 16 gt 2
18 31 gt 13
37 0 gt 17
3 49 lt 5
16 37 lt 1
24 31 gt 18
43 8 lt 10
32 3 lt 1
32 11 lt -13
4 16 gt -11
45 6 gt -1
44 8 lt -1
58 0 lt -7
46 8 lt -13
56 2 gt -14
46 1 lt 13
1 12 gt 14
32 14 gt 10
58 0 gt -19
14 18 gt 16
46 5 gt 27
26 23 gt -28
4 9 gt -1
21 5
16 4 lt -19
14 7 lt -11
19 1 lt 11
14 7 lt 5
9 1 gt -20
37 27
37 0 gt 7
10 24 gt 7
25 10 lt 26
13 13 lt -30
8 7 gt -6
30 6 lt -16
11 14 gt 28
10 13 lt -9
6 21 lt 21
6 3 gt -29
2 11 lt 15
35 1 gt 5
17 11 gt 4
6 10 gt -30
28 0 gt 25
4 27 lt -28
33 1 gt -24
7 0 lt -12
19 14 gt -12
31 1 gt -19
9 5 gt -19
7 1 gt 17
8 23 lt 18
22 14 gt 24
20 12 lt 17
4 1 gt -3
27 6 lt -28
35 10
27 6 gt 20
22 3 lt 9
8 25 lt -15
28 3 gt -23
10 9 gt -11
22 4 lt 14
28 4 gt -30
25 4 gt -12
30 5 gt 1
14 3 gt 7
14 44
11 0 gt 21
3 0 gt 30
13 1 gt -7
7 3 lt -23
7 3 lt 3
7 5 gt 19
5 6 lt 20
12 0 gt -12
3 7 lt 15
10 3 gt 15
12 2 gt -6
3 10 gt -1
3 9 lt -27
13 0 gt 13
5 7 lt -2
2 4 gt 13
14 0 gt 2
14 0 gt -14
12 2 gt 3
8 3 gt -2
11 1 lt 29
3 7 lt 20
8 1 gt 15
3 6 lt 4
11 3 gt 8
7 4 gt -13
5 7 lt -9
2 8 lt -4
4 5 lt -23
7 6 lt 30
10 2 lt -11
12 1 gt -28
7 1 lt -16
11 0 lt -15
6 3 lt 18
7 2 gt -8
13 0 lt 21
3 10 gt 16
1 13 lt 13
6 3 gt 8
14 0 gt 18
10 0 lt -3
4 8 gt -1
5 4 gt 6
65 96
25 39 gt -27
48 0 lt 28
12 26 lt -14
9 7 gt -11
16 43 lt 27
38 2 lt 1
26 20 lt 24
53 12 lt 23
10 4 gt 20
51 0 lt 2
55 1 lt -26
26 29 gt 0
2 11 lt 3
63 2 lt -4
59 6 gt -9
62 0 lt -24
28 28 lt 13
13 46 lt -7
8 21 lt -21
46 16 lt -9
44 16 lt -23
3 21 lt -23
10 49 lt 23
1 23 lt 13
44 11 gt 16
46 10 gt 9
33 11 gt 1
15 19 gt 10
52 3 gt 5
8 16 lt 0
23 0 lt -26
47 7 lt 28
31 9 gt -1
7 40 lt 25
38 25 lt -7
28 12 lt 18
33 9 lt -20
62 2 lt -3
21 39 gt -1
35 25 lt 5
23 31 gt 27
43 10 gt 17
50 7 gt -23
35 8 lt -5
28 30 gt -28
3 62 gt 4
51 6 gt 14
47 4 gt -6
31 27 gt 21
58 1 lt 18
50 4 gt 29
32 22 lt 28
50 12 lt -5
61 4 gt 24
16 38 gt -19
26 16 lt -16
39 10 lt -30
61 3 lt -28
18 37 lt 22
22 32 lt 27
30 29 gt 9
41 23 gt -16
12 49 gt 13
47 18 gt -24
59 3 gt -4
32 10 lt -18
13 21 lt -2
60 1 lt 28
63 0 gt 10
21 10 gt -10
37 7 lt -9
27 30 lt -8
65 0 lt -5
36 4 gt -27
36 16 gt -16
19 44 lt 12
51 8 gt 20
38 15 gt -3
57 7 lt -17
30 30 lt 21
46 16 lt 21
60 1 lt 4
29 16 gt -19
5 12 gt 17
21 24 lt 4
51 8 lt -30
63 1 lt 1
48 6 lt -6
43 3 gt 23
16 18 gt 15
25 14 lt 16
43 6 lt 20
38 16 lt -7
8 38 lt 29
10 19 lt -8
47 15 gt -17
31 49
3 20 gt 28
18 3 lt -28
24 3 gt 0
4 5 gt 25
12 0 lt -11
27 1 gt 13
9 1 gt 0
13 1 gt -10
30 1 gt -20
24 0 lt -27
8 12 lt 20
29 1 lt 17
27 3 lt -20
14 11 lt 1
6 20 gt -7
19 6 gt 20
24 0 lt -10
7 1 lt 12
23 7 gt -25
24 7 lt 2
17 5 lt 3
3 23 gt -13
25 3 lt 6
30 0 lt 19
5 17 lt 3
17 2 lt 3
1 2 gt -20
13 11 lt 30
25 5 lt -26
17 9 gt 17
26 4 gt -15
10 2 gt -14
10 7 gt -8
30 1 lt -17
15 15 gt -25
29 2 lt -18
7 24 lt 5
30 0 gt 2
6 25 gt -16
19 9 gt 11
11 13 gt -19
16 6 gt 13
23 5 gt 17
18 2 gt 28
31 0 gt 7
8 16 lt 28
20 8 gt 22
23 4 lt -18
17 5 lt 7
0