80 23
22 15 gt 8
32 10 lt -9
67 7 gt 0
36 42 lt 5
68 2 gt -4
49 20 gt 27
72 7 lt -9
7 7 lt 3
23 0 lt -1
52 21 gt 5
31 49 lt 3
28 37 gt -12
30 22 gt -29
20 29 gt 25
71 0 gt -24
76 4 gt -26
21 15 gt -24
66 1 gt 28
62 9 gt -1
77 2 gt 26
54 10 gt -4
41 13 gt -6
42 15 gt 1
84 40
47 6 lt 0
6 28 gt 10
54 24 lt -18
54 13 lt 21
59 0 lt 10
68 2 gt -14
28 41 gt -7
17 65 lt -30
59 15 gt 19
49 10 lt -3
79 3 lt -18
18 34 lt 22
67 7 gt -12
42 13 lt 14
25 16 gt -12
60 12 gt -2
46 5 lt 18
4 63 lt 30
38 39 gt 17
36 1 gt 4
57 0 gt 5
57 3 gt -21
19 41 gt -14
77 2 lt 29
57 16 lt 11
41 34 lt -22
74 3 lt -27
17 63 lt -3
41 20 gt -6
56 15 lt -19
31 47 lt 16
80 0 gt 12
2 23 gt -19
77 3 gt 4
13 45 lt 2
70 12 gt 27
40 34 lt 23
12 50 lt -20
23 24 lt -6
42 36 gt -11
41 30
5 36 lt 3
21 14 gt -2
35 2 lt 28
30 5 gt -29
24 17 gt 0
37 0 lt 26
21 4 gt -9
2 37 lt 27
37 4 lt 0
19 14 gt -7
24 1 lt -24
26 13 lt 8
34 4 lt 6
4 34 lt -9
22 2 gt 5
28 6 gt -7
34 4 lt 22
36 3 gt -24
5 30 lt -12
32 8 lt 17
6 33 lt 27
26 12 lt 30
20 20 gt -4
39 1 lt -23
33 3 gt -10
15 0 gt -20
38 0 lt 21
25 0 gt 16
25 12 gt 27
18 1 lt -27
40 73
13 1 lt 19
20 2 lt -28
17 7 gt -23
2 23 lt -14
19 16 lt -24
19 12 lt -11
31 7 gt 4
24 11 lt 30
6 7 lt -4
26 10 gt 14
33 5 gt 2
20 4 gt -22
4 33 gt -18
14 13 lt -16
34 2 lt -20
34 4 lt -22
24 5 gt -6
14 18 gt -12
12 23 gt 20
26 12 lt -8
38 0 lt 25
39 1 gt -26
22 2 lt -6
28 3 lt 9
10 15 lt -17
28 2 gt -13
32 3 lt 26
25 14 gt -24
28 4 lt 26
22 15 lt -3
21 15 lt -24
35 0 lt 22
29 1 gt -29
36 0 lt 12
36 1 gt -17
11 26 lt 1
28 10 lt -13
23 8 lt -8
34 0 lt -11
17 16 lt -28
23 8 gt 20
22 8 lt 11
15 10 lt -20
28 3 gt 27
34 5 gt -16
14 18 lt 23
1 24 gt 0
16 22 gt -23
26 10 lt 26
40 0 gt -25
37 1 lt -22
2 5 gt -16
26 8 gt 15
16 3 gt -29
18 11 gt -17
29 7 gt 9
12 5 lt 19
7 23 lt 14
18 7 gt -21
39 1 gt 6
23 4 lt 10
34 3 lt 25
7 3 lt 0
37 0 gt -18
23 6 gt 15
21 4 gt -17
15 17 lt 0
17 22 gt 3
20 2 lt 26
25 7 lt -3
14 5 lt -5
23 2 lt -2
34 0 lt -22
30 74
15 8 lt -27
12 13 lt -10
25 4 lt -2
26 2 gt -28
18 1 gt 25
14 5 lt -18
16 9 gt 27
28 0 lt -21
11 6 gt 1
13 17 gt -18
29 0 gt 2
19 8 lt 4
6 21 gt 23
8 20 lt -8
6 2 gt 28
5 7 gt -12
4 12 gt -10
21 8 lt 11
14 9 gt 21
23 4 lt 28
30 0 gt -21
24 3 gt 10
29 1 gt -15
11 13 gt 20
12 9 gt 1
26 0 lt 2
19 4 gt -25
29 1 lt 10
22 1 gt -21
8 22 lt 14
2 2 gt -19
19 2 gt -12
26 4 gt -24
12 18 gt 4
4 19 lt 1
26 3 gt -27
16 1 lt 30
24 4 gt -26
19 5 lt 12
4 18 gt -20
10 9 gt 23
4 1 lt -8
10 7 lt -11
1 29 lt -27
25 1 gt -12
11 14 lt 12
2 19 gt 12
27 1 gt 15
19 2 gt 19
18 4 lt -8
12 18 lt 10
1 10 gt -6
22 1 gt 11
15 3 gt -1
4 1 gt 30
8 7 gt 16
9 15 gt -1
5 16 gt 3
12 15 lt -14
13 13 lt -8
28 1 lt -27
8 12 gt -11
6 4 lt 29
27 3 lt -30
16 5 gt 27
20 1 gt 0
21 4 lt -18
17 9 lt 26
5 14 lt -17
3 14 lt 16
7 2 lt 5
7 10 gt 9
6 24 gt 8
26 1 gt -11
22 84
11 4 gt 6
14 1 gt 18
21 0 gt -16
21 1 lt 14
9 12 lt 10
8 5 gt -16
10 1 lt -6
14 0 lt 15
3 8 lt 27
5 11 lt 28
7 2 gt 11
12 6 lt -7
20 2 gt 4
6 8 gt -30
2 13 lt -6
13 9 lt -7
9 0 lt 8
11 1 lt 7
5 14 gt -16
19 0 lt -14
17 3 gt 20
4 6 gt 9
1 11 gt -6
10 12 gt 7
4 11 lt 0
18 3 gt -28
11 4 lt -27
14 6 lt -2
13 0 gt -13
9 2 lt -7
1 9 lt 12
12 4 lt -8
5 1 gt -22
21 1 lt 23
16 5 lt -22
10 9 lt -29
1 0 lt 22
11 8 gt 5
18 4 lt -25
19 0 lt -18
1 12 lt 21
15 2 gt -3
11 0 lt 10
12 6 gt -21
15 6 gt 6
10 3 gt -26
21 0 lt -22
8 14 gt -16
18 3 lt 19
13 4 lt -3
5 1 gt -10
4 10 gt 16
8 2 gt -16
5 12 gt -17
3 4 lt -10
15 5 gt -17
10 2 gt 18
18 0 gt 4
5 17 lt -7
1 0 lt -14
2 12 lt -11
15 1 lt 3
3 11 lt -22
4 0 lt -14
12 2 lt -27
19 2 lt -25
1 5 lt 19
15 1 lt -1
10 5 gt -9
5 15 gt 14
13 0 gt 10
9 7 gt 18
21 1 gt -24
21 0 lt 0
18 4 gt 0
13 0 gt 27
1 11 lt -13
2 0 gt -3
20 0 gt 30
16 3 lt -30
10 10 lt 29
15 2 gt 16
5 8 gt 24
2 12 lt 30
6 76
3 0 gt -22
2 3 lt -2
3 3 gt 19
5 1 gt 27
5 0 lt -12
6 0 gt -20
4 1 lt 20
1 4 gt -6
1 5 lt -21
6 0 gt -18
4 2 lt -23
2 0 lt -14
5 1 lt 19
3 1 gt -27
6 0 lt 5
5 1 lt -27
5 0 gt -10
4 0 lt 26
1 0 gt -10
2 2 gt 2
2 0 lt -16
6 0 gt 15
6 0 gt -18
5 0 gt -15
2 0 gt -11
1 1 lt -7
2 3 gt -21
4 2 gt 10
1 0 lt 7
3 1 lt 3
4 0 lt 28
2 3 gt 15
3 2 gt -6
1 5 lt -18
2 3 gt 6
2 1 lt -22
4 1 lt 10
2 2 gt 1
1 5 gt 29
4 1 lt 9
1 5 lt -18
5 0 lt -15
6 0 lt -11
4 2 lt 15
6 0 lt -10
3 2 gt 0
6 0 lt -17
3 2 gt -1
6 0 lt -5
1 3 gt 25
6 0 gt 9
6 0 gt -24
3 3 lt 14
3 3 gt -30
6 0 gt 24
5 1 gt -18
2 2 gt 19
4 1 lt 19
1 3 lt 14
1 1 lt -23
2 2 gt 2
6 0 gt -9
2 1 gt 6
5 0 gt -1
2 0 lt 13
4 0 lt 6
3 0 lt -28
2 2 lt 3
4 1 gt 15
1 2 lt 16
3 0 gt 14
2 1 lt -7
3 0 lt -15
6 0 lt -28
2 1 lt -5
1 3 gt 8
78 31
68 6 gt 9
34 7 gt -4
46 3 lt 1
30 45 lt 30
20 22 gt 11
2 68 gt -27
16 55 gt 12
14 17 lt -24
16 1 gt -20
15 28 lt 25
72 5 gt 10
32 17 lt 17
54 18 gt 29
11 42 lt -29
22 0 gt 17
26 48 gt -10
45 0 lt 18
33 14 gt 14
16 41 lt 0
20 19 gt 30
57 14 gt 13
12 28 lt 30
20 39 lt 4
56 10 lt -18
31 12 gt -15
11 38 lt 17
13 48 lt -7
52 16 gt 24
21 8 gt -24
43 2 lt -10
50 23 gt -9
16 97
9 4 lt 14
15 0 lt 15
9 4 lt -15
3 1 lt -20
10 3 gt -18
2 7 gt 14
10 5 gt 28
7 7 gt -10
4 12 gt 18
16 0 lt -6
7 1 gt -18
8 8 lt -25
2 6 gt 8
15 0 lt -29
11 2 lt -23
8 3 lt -15
3 13 lt -20
7 1 gt 25
13 2 gt 30
10 6 gt -27
11 1 gt -3
10 6 lt -24
14 1 gt 7
10 2 lt -11
11 0 gt -24
3 9 gt -21
4 12 gt 1
13 2 gt 30
13 3 lt 23
10 3 lt 1
11 3 lt 10
5 0 gt -10
13 3 lt -13
2 6 lt 2
13 3 gt -13
9 6 gt 3
16 0 lt 9
1 11 lt -30
12 4 gt -15
14 0 lt -1
8 4 gt 7
1 14 gt -5
12 0 gt 22
14 0 gt 5
4 1 gt 14
3 1 gt 13
10 0 lt 9
3 1 lt -27
6 6 gt -13
7 1 gt 17
5 9 lt -24
1 8 lt 10
6 9 gt -9
8 6 gt -3
14 0 gt -8
14 1 gt -4
13 3 lt 4
1 8 gt 12
7 7 gt -18
10 5 gt -7
4 8 lt 14
4 12 lt -14
10 0 gt 22
11 4 lt -17
12 2 lt 30
3 13 lt 10
14 2 gt 27
9 0 lt 25
14 0 gt -2
7 2 gt 27
11 1 gt 25
11 3 lt 5
15 1 lt -3
12 4 lt 16
3 9 lt -14
1 10 lt 30
12 4 gt 22
12 1 gt 13
14 1 gt -21
10 4 lt -1
7 8 lt 17
9 0 gt 10
16 0 gt -13
13 2 lt -8
1 3 gt -16
14 1 lt 26
4 5 lt 21
10 3 lt 24
6 7 gt 4
14 1 gt 0
3 0 gt 6
10 3 lt -4
7 0 gt -16
7 3 lt -5
16 0 lt 21
1 7 lt -26
7 7 lt 5
58 41
34 3 gt 25
17 12 gt 27
34 4 gt 11
14 6 gt 28
57 1 gt -29
12 14 gt 26
41 13 gt -29
9 7 gt 22
50 1 lt 9
50 8 gt 22
18 10 lt 6
9 16 lt -1
11 29 gt 9
15 33 lt -3
13 40 gt 29
25 28 gt -8
41 11 lt -6
54 4 lt -28
20 31 gt 7
31 8 lt 30
11 20 lt 7
32 19 gt -18
51 4 lt 29
18 36 gt 5
48 8 gt 7
35 20 gt -30
49 0 lt 19
34 9 lt 16
35 2 gt 30
45 7 lt 2
19 22 gt 29
49 6 lt 24
39 11 lt 11
1 40 gt -3
16 3 gt -13
9 42 gt 4
52 6 gt -12
33 6 lt 17
41 17 lt -15
28 28 lt -28
24 12 lt 17
0