IMPOSSIBLE
IMPOSSIBLE
Contenido del unordered_set:
624 600 129 115 114 113 105 104 102 30 1 53 82 9 21 8 37 124 6 123 64 29 59 0 117 58 87 3 2 26 39 40 51 131 72 73 76 19 78 24 83 86 

1160
IMPOSSIBLE
Contenido del unordered_set:
633 321 315 314 306 304 206 319 201 189 302 184 174 172 165 164 600 128 157 303 126 300 123 181 122 151 171 112 141 111 140 132 179 120 149 3 1 146 104 310 133 103 162 118 0 145 131 134 316 139 150 153 158 

621
IMPOSSIBLE
IMPOSSIBLE
IMPOSSIBLE
Contenido del unordered_set:
650 367 364 363 362 600 346 345 344 329 328 326 321 319 308 304 303 294 287 283 265 260 258 254 249 373 246 366 239 238 230 356 229 135 120 61 116 57 175 114 55 232 105 164 350 223 125 263 9 128 139 12 267 140 13 343 216 259 132 318 64 191 270 16 264 137 121 63 118 60 284 30 21 148 334 207 32 336 209 36 144 145 331 204 274 147 206 34 161 292 165 224 39 166 170 172 183 185 327 200 335 208 212 342 215 221 222 226 354 227 355 228 

1118
IMPOSSIBLE
IMPOSSIBLE
IMPOSSIBLE
IMPOSSIBLE
Contenido del unordered_set:
680 491 488 481 476 470 468 460 450 444 443 440 437 433 431 429 424 420 419 414 404 379 377 373 362 356 482 355 351 350 337 334 330 327 456 202 143 261 205 147 139 309 380 126 120 116 111 32 336 209 9 403 22 301 35 466 212 17 271 131 15 378 251 137 382 255 408 27 138 11 40 417 36 340 213 18 272 218 600 473 219 278 474 347 220 475 348 221 352 225 226 231 232 233 490 363 236 132 259 6 133 260 135 262 321 21 275 282 300 305 438 311 452 325 

761
IMPOSSIBLE
IMPOSSIBLE
IMPOSSIBLE
IMPOSSIBLE
IMPOSSIBLE
IMPOSSIBLE
Contenido del unordered_set:
646 357 356 352 348 345 338 334 167 353 226 154 148 145 331 204 168 139 161 132 175 382 1 163 222 176 362 235 147 118 363 236 6 301 152 329 7 158 217 100 367 113 126 143 320 114 105 232 381 127 177 304 136 313 361 107 600 346 219 130 180 335 208 336 209 210 216 224 355 101 228 178 305 308 184 311 312 314 317 323 

1121
Contenido del unordered_set:
674 600 393 389 388 387 382 381 374 372 371 369 362 360 352 351 158 150 148 324 146 27 322 144 321 376 122 385 4 142 24 367 113 149 208 326 126 10 130 307 43 101 156 206 333 392 11 111 109 46 105 368 114 350 145 18 313 147 20 200 202 320 211 213 331 222 226 217 344 107 234 366 239 302 308 205 332 209 336 215 342 

3101
IMPOSSIBLE
Contenido del unordered_set:
685 600 493 490 234 232 105 231 104 103 227 473 471 214 468 211 467 210 207 196 195 183 485 228 482 169 296 161 193 447 143 134 7 191 318 445 132 5 14 218 159 185 8 135 486 229 111 238 140 267 20 274 117 127 145 272 306 433 120 208 276 403 9 215 156 283 410 187 128 129 198 139 144 248 249 251 252 0 257 16 273 275 282 287 414 291 293 295 165 422 301 302 303 430 304 431 308 435 311 313 315 319 446 404 149 406 407 408 412 425 427 434 179 436 443 451 454 457 459 463 213 470 217 474 219 476 478 223 480 230 487 

1667
IMPOSSIBLE
IMPOSSIBLE
IMPOSSIBLE
Contenido del unordered_set:
600 369 367 364 359 357 351 345 337 328 322 321 320 316 315 313 312 128 10 305 125 7 302 124 183 116 109 168 108 361 107 106 612 104 34 211 150 209 356 102 15 6 133 4 181 30 148 35 153 126 13 14 16 184 311 24 366 112 152 25 329 202 118 2 31 208 135 139 198 146 205 154 32 159 160 169 174 197 327 200 206 306 

456
IMPOSSIBLE
IMPOSSIBLE
IMPOSSIBLE
Contenido del unordered_set:
256 245 243 239 236 227 226 216 626 213 211 210 205 201 247 129 51 223 46 253 17 100 41 32 47 21 252 16 600 128 10 244 126 14 101 130 119 1 117 107 229 52 111 232 114 115 234 116 122 123 124 200 

571
IMPOSSIBLE
IMPOSSIBLE
IMPOSSIBLE
IMPOSSIBLE
IMPOSSIBLE
IMPOSSIBLE
Contenido del unordered_set:
625 600 341 340 325 323 321 133 310 125 100 122 240 64 59 230 136 107 49 3 239 116 10 128 305 23 200 36 12 248 53 307 14 250 27 50 224 124 47 301 37 102 44 138 21 148 151 337 210 26 153 29 156 328 201 319 209 222 223 231 237 245 126 253 312 306 308 314 

257
IMPOSSIBLE
IMPOSSIBLE
IMPOSSIBLE
IMPOSSIBLE
IMPOSSIBLE
Contenido del unordered_set:
618 125 154 2 138 108 137 107 136 13 600 10 155 15 162 118 0 139 109 168 150 152 153 100 159 104 163 164 171 114 173 

450
Contenido del unordered_set:
667 600 360 354 352 347 338 336 331 154 150 144 203 321 132 309 10 152 123 300 147 206 324 118 0 114 116 117 128 1 4 108 167 133 6 301 153 8 112 130 355 101 102 107 166 15 142 319 113 155 156 157 158 164 165 169 327 200 329 202 208 326 210 302 304 311 315 322 323 

4433
IMPOSSIBLE
IMPOSSIBLE
Contenido del unordered_set:
601 600 6 1 0 

44
Contenido del unordered_set:
610 600 115 109 106 0 26 104 3 4 7 9 10 14 15 24 16 103 

828
IMPOSSIBLE
IMPOSSIBLE
Contenido del unordered_set:
642 70 63 42 32 0 30 1 14 65 7 600 20 66 37 8 10 45 16 17 18 19 22 57 28 

3864
Contenido del unordered_set:
616 450 444 442 439 435 416 411 400 347 600 346 345 338 333 332 328 327 320 430 303 428 301 414 287 286 278 276 268 265 262 257 246 245 240 228 344 217 216 214 213 209 208 123 309 182 121 117 313 59 0 106 165 48 166 41 37 288 34 13 15 133 192 155 28 125 57 184 401 20 448 321 67 7 134 410 29 241 114 145 204 60 2 179 285 31 122 251 124 132 64 191 263 9 136 322 195 264 137 139 198 270 16 143 17 144 203 407 280 153 281 27 154 40 167 42 169 62 189 

256
IMPOSSIBLE
IMPOSSIBLE
IMPOSSIBLE
Contenido del unordered_set:
628 600 440 439 437 429 426 425 422 417 107 105 46 103 100 65 6 63 435 54 113 424 43 118 408 27 62 121 416 1 30 207 66 37 404 21 68 0 127 50 304 10 432 305 40 306 28 205 31 208 110 24 405 112 123 4 131 8 135 11 138 152 200 203 436 55 309 311 314 147 401 403 415 

308
IMPOSSIBLE
IMPOSSIBLE
IMPOSSIBLE
IMPOSSIBLE
IMPOSSIBLE
IMPOSSIBLE
Contenido del unordered_set:
600 432 677 423 415 409 402 401 361 353 343 350 96 37 27 322 69 94 330 6 204 77 429 48 75 16 427 46 105 93 211 12 14 132 310 87 332 205 117 29 79 206 23 82 405 24 65 319 26 321 39 30 207 44 103 97 342 88 215 100 218 102 116 122 123 129 340 86 213 303 435 308 439 58 312 317 327 74 328 

1813
IMPOSSIBLE
Contenido del unordered_set:
600 164 160 157 145 143 139 116 112 111 23 22 51 15 130 12 129 11 40 8 37 20 7 626 36 137 19 124 6 35 18 106 47 123 5 0 29 144 26 28 31 38 43 109 50 159 100 163 104 

1508
IMPOSSIBLE
IMPOSSIBLE
IMPOSSIBLE
Contenido del unordered_set:
303 249 248 234 233 229 638 225 211 207 203 104 219 101 83 19 17 214 37 11 40 600 69 243 7 65 77 18 300 5 252 75 16 239 3 238 61 2 250 14 43 1 59 88 44 227 50 55 25 84 245 68 257 80 

1657
IMPOSSIBLE
Contenido del unordered_set:
348 345 200 4 52 47 45 104 222 340 43 31 0 617 236 42 600 346 219 13 33 337 210 17 30 207 40 11 247 24 201 319 41 12 308 54 25 15 19 107 20 315 27 322 336 209 212 228 103 230 237 250 309 300 303 304 313 316 63 317 321 332 333 341 

586
Contenido del unordered_set:
686 260 253 248 247 243 240 235 234 232 231 230 229 223 212 200 154 149 64 5 62 59 56 115 54 53 50 48 45 40 99 68 263 9 39 37 28 36 95 7 125 130 13 72 153 26 17 203 76 150 23 14 141 32 63 34 220 93 74 77 79 138 86 145 88 90 600 92 227 100 101 106 110 238 111 114 246 119 124 2 129 266 12 139 269 142 143 148 

1305
IMPOSSIBLE
Contenido del unordered_set:
600 114 109 104 103 100 96 85 80 79 76 75 16 24 22 9 67 8 7 95 36 5 624 34 63 28 57 15 73 120 2 42 71 0 88 29 32 102 43 13 72 48 49 52 11 70 

1308
IMPOSSIBLE
Contenido del unordered_set:
609 376 371 366 361 356 352 344 337 336 335 334 333 328 324 320 319 309 151 144 26 374 120 2 119 382 1 116 221 130 307 134 7 139 21 23 14 141 10 137 109 227 22 152 25 20 147 31 27 154 157 161 163 164 166 167 226 169 170 171 357 103 230 205 212 214 215 345 218 600 346 219 351 224 368 114 241 173 300 369 242 301 372 118 245 304 306 

756
IMPOSSIBLE
Contenido del unordered_set:
606 275 274 268 266 257 253 251 240 224 220 214 119 108 137 284 225 107 20 103 250 132 229 111 258 140 109 18 11 600 10 126 213 100 127 9 212 6 239 121 142 145 146 265 147 149 261 202 210 270 211 

576
IMPOSSIBLE
IMPOSSIBLE
Contenido del unordered_set:
630 152 144 141 140 136 135 130 126 119 116 109 108 149 31 148 30 25 142 24 20 19 48 106 29 118 0 87 16 133 15 44 132 73 36 600 10 39 127 68 45 104 110 51 111 52 56 61 66 72 46 105 

450
IMPOSSIBLE
IMPOSSIBLE
IMPOSSIBLE
Contenido del unordered_set:
415 407 402 382 608 372 370 368 367 360 354 409 350 347 405 346 345 344 340 339 102 15 600 305 334 201 19 17 425 307 12 336 100 328 362 8 327 420 7 324 5 300 329 1 363 9 304 333 365 306 335 315 316 322 325 

124
