100
8
0 8680 1245 1827 7195 6403 6609 2114
7773 0 7357 1177 1211 9974 9718 1258
1267 5764 0 3466 3133 353 6961 2934
8286 3076 3202 0 1209 2802 8558 8885
843 3124 453 8593 0 6858 5991 6818
6354 32 4969 1596 7385 0 2713 5742
6896 6922 3741 2448 4343 9491 0 291
6761 4452 6838 1669 8926 2743 9505 0
4 0 1 5 2 7 3 6
10
0 7003 1370 2576 5421 7462 535 769 672 9511
6248 0 3082 4993 8105 82 7076 418 9802 8278
5473 5043 0 2514 7074 8715 1730 183 6093 3212
9234 6445 3831 0 4262 3708 1353 2211 1713 6652
9266 8863 1299 1337 0 7746 2484 7895 4849 3543
5719 2361 9927 8476 566 0 8781 9728 8381 4069
4362 8238 5591 798 8876 6166 0 4184 3472 1602
4468 3154 6541 7389 756 3768 6705 0 2533 3242
2880 8164 618 3047 8566 173 1892 6525 0 6359
1283 9639 707 3333 1275 606 537 2752 9496 0
0 3 2 5 9 1 6 7 4 8
3
0 5387 2286
5407 0 6841
6907 8856 0
1 0 2
3
0 6612 3384
9833 0 399
7193 7026 0
1 0 2
10
0 363 3478 1455 1021 7028 3719 3832 4102 7044
283 0 1229 9846 7729 21 8585 5101 6527 8431
6452 7370 0 6681 1681 6617 1579 1422 2938 6923
5244 4557 4672 0 7353 439 6057 6903 105 337
1672 5236 3511 694 0 9399 6628 6870 1117 8328
7448 3135 2032 1644 7306 0 3453 4062 6368 5001
3053 9571 8688 1437 5114 2991 0 23 6401 3529
7385 6384 9895 6544 5989 603 2526 0 6200 35
846 4102 5588 5117 767 8540 7127 2138 0 9168
9373 5123 150 3050 5391 4212 401 1965 7139 0
1 3 7 8 4 6 9 5 0 2
4
0 5964 365 1261
5525 0 3869 2779
9094 676 0 1113
3095 9791 8881 0
1 3 0 2
8
0 1739 514 1133 7862 3070 1292 1232
7528 0 3547 8 3094 6353 9763 3408
330 7394 0 1701 4986 7286 2656 9643
153 5671 1646 0 7371 9962 4701 2006
2265 3748 1031 340 0 1195 3816 4445
5391 1036 2575 2467 9940 0 5339 5531
5477 9483 1375 1459 5898 562 0 5781
148 2336 1888 9509 4150 4057 4902 0
2 0 1 6 3 7 4 5
9
0 6790 9261 338 7939 414 1668 8295 4973
1865 0 7076 9888 4685 5406 6257 9603 4766
9825 7953 0 8764 6024 1409 8425 6724 5515
7696 761 8985 0 6525 9229 185 8233 3814
7956 8242 7128 3077 0 8987 392 9567 2378
8706 7064 7752 3854 4595 0 6406 2095 4178
8101 8647 2642 9646 5497 98 0 1505 2987
7441 232 6263 4656 5220 1038 1896 0 8552
6518 1104 9766 7746 1472 8418 1939 1553 0
4 8 0 3 5 7 6 2 1
9
0 6442 4495 2823 9207 3807 9841 8453 9948
4375 0 4598 5351 8382 3007 4014 215 5299
3016 7377 0 561 8762 4177 6963 9199 1663
8605 2248 7148 0 7808 5097 1118 7893 6667
5488 1970 4278 1107 0 5722 1690 5509 581
7143 531 8782 9885 309 0 6132 4197 3432
3095 5763 8095 7514 2237 8179 0 1650 2497
4593 9542 7738 7151 6207 9467 7253 0 763
4811 5957 9132 1224 9773 3700 7099 7501 0
4 3 0 1 8 2 5 6 7
8
0 4893 9964 9536 793 2399 6275 5589
6752 0 14 694 9063 4458 7622 4763
9152 7701 0 2550 7172 3684 9994 5765
1575 245 8372 0 7603 5348 9446 8879
6228 5168 7941 8151 0 3428 8735 2807
7940 2755 3576 3311 3689 0 7015 5596
2776 7564 8486 2668 2976 1300 0 7468
4097 1926 1852 4212 4938 5238 7868 0
2 4 3 0 7 6 5 1
5
0 8497 9331 148 2652
9295 0 957 1744 5042
6584 8010 0 5484 3103
7102 6706 9987 0 845
1225 1947 9094 8683 0
2 1 3 4 0
4
0 8486 215 481
212 0 9859 6719
6231 4464 0 3051
6600 8080 3407 0
0 2 3 1
6
0 5136 189 3197 1642 3758
99 0 7177 209 3276 1966
801 6756 0 4682 847 3359
6032 8206 4619 0 6747 1682
5729 4792 3895 5309 0 4313
4945 2876 2814 164 4301 0
4 3 2 5 1 0
9
0 3601 8616 1335 2068 2953 4536 3334 6726
4236 0 2723 716 7294 8983 3177 1722 1511
3742 6450 0 5086 7390 9303 8115 2393 2658
7058 1026 1531 0 6585 6157 1930 8664 7274
1904 5147 509 6800 0 9399 8600 2327 890
3443 598 6999 9036 7457 0 7749 3999 1699
9591 5733 2472 4901 1236 2213 0 4362 9615
5912 2035 2844 948 7293 8368 1962 0 7375
2423 495 2828 9023 2664 8682 9978 2462 0
0 3 1 4 8 7 2 5 6
10
0 2804 6092 6455 2572 9187 5475 7464 1343 2218
7067 0 6655 9592 4431 6267 7195 9416 3825 9168
1459 421 0 8612 6000 7754 6409 2480 388 9574
1501 1008 2207 0 8007 9553 6350 1381 3264 8302
5695 9501 2126 4922 0 8245 8880 6755 1437 2180
711 5314 959 9588 9552 0 5642 7596 1977 307
9006 6934 6028 2399 6765 2244 0 7129 4293 3056
9449 7393 912 978 2375 7735 5922 0 6743 8947
5152 1896 4016 4107 5568 4136 3281 5590 0 8897
9347 9962 3944 715 2351 6913 4642 4255 6687 0
1 7 9 4 6 2 3 8 0 5
9
0 8512 3787 6463 9314 6303 9880 1798 108
9858 0 9455 7932 6915 286 2497 6606 7513
6900 5896 0 6215 7670 1327 1240 5305 256
8668 2120 7189 0 941 3037 9914 3104 4474
6583 680 9328 5774 0 517 7052 3261 1714
9343 9743 3058 293 9267 0 2047 4306 8776
2731 4847 3019 5489 581 2168 0 4901 520
9480 7828 6182 4065 4783 6860 2551 0 1362
2804 2780 3413 801 8397 5296 6105 2123 0
5 4 6 3 7 0 2 8 1
10
0 6128 6307 9989 3652 5158 9498 1057 4456 767
1339 0 9780 2696 4209 8413 5538 9978 1498 5391
3651 7414 0 4071 425 8524 9565 8220 1793 8962
8869 2623 1770 0 8931 3121 701 5797 2317 1614
6489 1434 5840 4324 0 1708 9802 7892 1009 3852
7549 2237 1348 9005 8724 0 152 2262 360 9887
7682 6675 5178 8697 7735 1201 0 4535 4317 2403
5737 542 6593 8524 2607 5210 3937 0 6551 8761
9699 2607 2941 9491 4816 2912 9480 9968 0 4506
3146 8881 2750 1076 8234 5909 771 6025 3095 0
2 5 1 7 4 0 6 9 3 8
4
0 6718 8343 5703
1561 0 4894 3939
2915 554 0 8563
3312 8253 9629 0
3 2 0 1
8
0 5119 4222 7355 4843 4746 7783 3598
8053 0 7829 8977 3022 4411 5051 9905
659 1450 0 3696 1667 2882 642 3444
6709 3066 7273 0 5923 9009 790 9863
473 3106 8060 3050 0 7008 3027 1624
4801 5708 1904 3314 1563 0 4640 5329
2748 1861 9401 6068 862 6966 0 5479
7268 9170 7419 3166 9456 4451 9590 0
2 0 4 6 5 7 1 3
9
0 3897 872 5095 60 6400 6123 6290 3103
9607 0 1351 1491 6995 9203 2784 2803 2720
3931 1189 0 5600 4082 6018 8771 2490 2646
3471 7518 7898 0 1274 4294 6254 2881 6406
2561 2371 6820 1055 0 7630 9868 9381 5915
5090 3804 4649 5841 2862 0 4324 9603 5217
2380 7168 9246 7092 7524 6277 0 3549 7490
3667 7829 7133 3827 8154 7343 9174 0 1397
8618 5860 2681 2446 4717 9167 757 7470 0
7 0 2 4 1 5 3 8 6
9
0 8389 2635 2646 3941 3327 2472 7575 8660
3318 0 5997 5485 5578 8351 1032 5862 9530
6208 6492 0 5843 8503 6713 5079 4630 8249
5488 4767 5851 0 1185 7650 973 9560 3068
8779 776 8920 1805 0 8269 3019 8825 8611
2872 7883 3924 6945 8753 0 3093 2350 5840
5032 3880 9719 7600 5213 6784 0 6467 3650
4065 9453 1029 5329 743 5646 2267 0 8046
6904 2993 4443 7520 1882 8554 4390 1964 0
2 3 6 0 1 8 4 5 7
5
0 7464 3933 6248 499
3709 0 5218 660 1881
4288 2216 0 558 2545
6554 7707 1682 0 4749
6208 6546 6911 7334 0
1 2 3 4 0
9
0 6029 5480 976 6965 1403 3159 6712 9383
3483 0 5122 7456 9831 9732 5263 2080 8803
3581 9137 0 1799 677 9453 221 1512 5589
8922 9080 3366 0 9957 2144 604 1916 77
9362 8637 4420 4042 0 4215 7588 7851 1583
8683 188 9734 2709 6075 0 8956 8641 3171
3273 8505 3849 3519 2505 4217 0 4836 3824
3161 5306 8827 2173 266 8346 7291 0 7344
483 8832 8698 5495 3608 8633 4042 1746 0
6 3 4 0 1 5 7 2 8
10
0 294 8677 5760 4242 9856 6299 9681 7530 831
3511 0 7861 3176 2708 2216 5338 6761 4768 3459
8928 9761 0 9703 4934 688 7741 9920 6493 874
2609 7545 344 0 3899 8332 1891 5992 7995 6393
3097 2666 8652 7380 0 9415 3776 1355 472 1020
3781 9720 2821 8808 4084 0 2221 2559 4196 7039
9754 7598 5553 6767 3563 3253 0 3167 6831 7996
998 8190 3164 5139 2396 9267 9126 0 1100 9899
9858 5092 2624 924 8307 8287 4827 5673 0 4394
9919 3756 8222 8168 5669 7398 8180 6339 1506 0
5 7 2 8 4 9 1 0 6 3
10
0 412 3377 6669 5153 9555 3400 3566 5232 1351
9041 0 1542 1082 5657 1029 5809 8249 8130 4232
6575 344 0 2796 2341 3035 3562 2738 5867 851
6198 6607 220 0 2001 3146 6210 3398 5061 1555
1714 1074 7863 7563 0 3782 2871 7249 6367 8630
4156 1300 3177 4222 8306 0 9642 1331 1312 5043
8351 1755 9316 5609 9517 364 0 9995 7434 515
7275 329 9935 5314 7473 2566 248 0 4248 4768
3072 9067 5752 6716 7553 6385 3282 2708 0 7896
869 4758 6002 4431 1229 5940 5750 8548 3611 0
6 0 8 5 3 2 4 7 1 9
5
0 3206 8713 6568 3228
1045 0 5650 880 3437
9388 3432 0 9267 8805
5821 4272 2083 0 8381
716 3957 3958 3987 0
2 3 0 1 4
4
0 8757 1199 6882
7312 0 383 7646
8290 3617 0 582
3909 2863 5335 0
3 2 1 0
10
0 8183 7082 8778 1443 1489 5269 2699 1942 1805
9630 0 1098 9623 4214 4487 8525 3853 8070 5347
3395 5437 0 1527 2259 7120 6421 1871 99 3762
6428 7442 371 0 3208 8421 1401 3158 9410 9341
3440 4645 8424 1279 0 1237 9418 4967 8389 5546
439 8862 7753 7783 27 0 5001 6335 8669 2958
6985 2898 469 9023 276 9252 0 6110 6600 8774
269 2918 7949 2108 9936 5276 6139 0 2068 9749
7709 3075 1563 2284 5905 9743 9601 8050 0 8749
7564 7059 5506 2046 5532 2723 7905 9105 7417 0
1 2 8 7 0 6 3 5 4 9
9
0 668 5018 8357 4482 3024 2372 6068 9659
208 0 7120 9574 2080 5696 7035 4796 9278
7165 3524 0 6907 2903 7826 563 3937 9647
1914 5876 4549 0 6088 1993 7074 9745 5137
9847 5999 9357 2356 0 585 4043 8349 7668
9372 7421 2941 1294 1221 0 5691 7875 5057
277 9167 6956 7638 8020 3151 0 4185 2260
7197 7484 8781 723 4105 6605 1083 0 476
8306 8569 5103 4471 2273 5000 3866 5314 0
3 6 1 2 7 4 5 0 8
9
0 9727 3116 3524 979 1277 1327 4270 1447
7183 0 3653 6918 8884 2897 8466 6269 8756
6470 9908 0 5328 2570 3243 7467 4697 3169
1972 9400 2790 0 2864 52 3097 2460 990
2658 6700 8308 9968 0 9189 8989 6803 7697
5384 9534 4204 8866 6753 0 7743 3714 2759
5414 1256 1090 1221 8790 2578 0 2067 6684
2979 3204 9136 3210 8560 2301 2881 0 9455
8764 2146 7647 5789 5473 8273 1450 1887 0
2 6 8 5 7 4 1 0 3
8
0 6851 9819 9463 9829 9903 3742 5446
4741 0 3163 2771 7358 5870 5018 7697
6525 4194 0 546 7726 2395 9394 6443
8142 5898 8676 0 5253 4916 1105 4063
7398 5352 2036 9485 0 1338 1234 9501
5144 5253 1033 6379 2489 0 1232 635
3303 3821 5066 7772 9956 7043 0 4163
4418 9140 9829 8747 5577 107 7226 0
2 4 3 0 1 7 5 6
6
0 9292 5772 1661 9930 1655
3786 0 6294 678 2846 5537
1457 36 0 3766 5965 3051
6633 9405 5091 0 9169 9003
266 6179 6470 3641 0 5740
763 6153 3876 3532 4470 0
2 4 3 5 1 0
5
0 5422 6659 1952 2207
500 0 6652 3519 8875
2196 3787 0 5239 1181
3054 4349 5000 0 6587
9834 7600 4544 4560 0
4 3 2 1 0
6
0 8202 6339 2721 8465 9561
6589 0 9609 4184 5329 9239
789 6794 0 3956 7434 665
6658 4928 6777 0 9707 4863
5385 9120 4710 6284 0 8844
3531 3192 4478 8676 1307 0
3 5 1 4 2 0
7
0 9852 653 797 5451 5971 9894
5787 0 5438 6014 8455 1670 6142
6786 3055 0 8835 5044 4738 2786
4522 3962 8 0 3248 6887 3206
3233 93 3729 7971 0 457 2531
2033 7901 4629 8056 4441 0 2139
515 5374 622 9035 7769 5674 0
2 1 3 6 0 5 4
5
0 9062 2304 4461 8607
6358 0 6572 5655 3895
5164 961 0 5239 4899
9137 97 547 0 2404
5100 4558 2140 2816 0
0 2 1 3 4
8
0 1612 7236 8928 1748 3422 3272 2167
3935 0 872 7577 682 6055 599 2131
4515 2843 0 7359 5279 5203 1036 1137
9239 8535 8416 0 4363 9120 8087 5106
5192 7525 6157 7629 0 5746 8363 1307
3622 1378 5188 9612 3045 0 3018 8341
8946 4408 3151 7815 8928 3944 0 9333
7942 8035 3488 7093 3195 5143 1080 0
4 1 3 0 2 5 7 6
10
0 5621 7851 2974 8945 2956 7020 6175 1350 7907
6349 0 239 324 477 9921 3359 7654 2638 4939
5277 8842 0 6417 188 8341 2661 8122 4934 1014
6075 9969 891 0 2398 4486 6330 6108 8709 1086
2695 6158 2854 1617 0 4617 3231 9284 3165 4284
1688 336 8589 3115 5639 0 1626 8363 3333 7674
5066 9207 8464 3708 803 3961 0 2793 9190 2023
1432 8444 4539 9537 2920 8592 936 0 9543 4506
9809 1873 7107 7530 3153 6498 2756 5810 0 9200
486 5006 1644 2724 5207 8546 20 4602 8869 0
2 5 6 3 7 4 8 9 1 0
4
0 4639 3002 4362
947 0 1052 7964
8036 4827 0 2299
908 6218 2020 0
0 1 3 2
3
0 9484 7362
3687 0 9811
5305 7148 0
1 0 2
4
0 2787 5134 4198
8829 0 9097 4146
8600 5918 0 9673
1234 9163 382 0
1 2 3 0
3
0 8823 3116
3470 0 2603
1682 5007 0
2 1 0
9
0 9633 8356 2370 979 4430 39 6871 3518
9919 0 6398 9531 1718 9447 8605 2526 2888
8339 2603 0 5198 8302 2790 6430 213 5914
1074 8503 1748 0 289 201 3366 5937 8111
6423 5808 6485 6261 0 6772 9058 2549 5869
6099 7640 8002 7680 7021 0 1693 1426 283
7803 3036 8515 4134 9651 426 0 1571 3554
3371 6275 2795 9024 5405 9556 9956 0 3943
7497 3147 882 2940 6362 8822 1494 3289 0
7 6 2 4 1 8 0 5 3
10
0 5549 931 3067 3058 2319 5277 5906 1147 334
3813 0 6258 2842 3534 7639 3205 7691 4359 5539
4156 7427 0 4568 4350 1254 4130 4335 7905 2995
2073 3362 3205 0 1264 7504 2381 6781 1167 6592
9902 5086 6504 4203 0 2784 838 416 9287 6991
8460 6566 4101 3399 1454 0 719 2052 5736 5092
5646 727 5525 2005 2740 1212 0 1780 5590 6532
3566 9988 4341 508 3344 7377 9948 0 2759 6761
5282 181 6514 2474 9067 299 2438 638 0 3061
2007 8614 4442 5722 2625 9869 6148 4934 8937 0
9 3 5 8 6 2 0 1 7 4
10
0 5687 7028 1145 7117 6120 7171 2151 7550 9010
8795 0 102 9605 7609 425 7466 3959 7644 7727
6505 7628 0 7718 6747 2947 4394 4279 7866 181
9586 623 8071 0 4693 3438 5462 3937 3192 7022
5778 1636 3318 2383 0 5320 9157 54 5268 6190
1508 6419 2690 3308 541 0 6208 5903 3245 6490
994 9430 8893 914 7781 1213 0 286 9115 4706
6622 5080 7275 4189 4383 7132 9083 0 6884 3759
4716 1155 7526 5210 2642 6447 7841 8569 0 9691
5852 3646 5220 8932 5660 7197 558 8714 1061 0
4 2 6 5 0 7 8 1 3 9
7
0 3170 1413 2439 300 7316 6797
3668 0 2507 4137 5864 7744 2393
1095 8128 0 2224 8249 1539 6712
5877 6891 182 0 3679 4705 8567
3897 1038 3795 7659 0 4772 6557
2441 4027 5553 2684 3385 0 5053
5699 4210 5483 7237 3206 5649 0
5 2 3 4 1 6 0
7
0 2880 4482 5755 4388 3355 1179
8747 0 9864 9786 3837 5612 9604
3060 8392 0 86 8287 7840 6817
9304 3074 3730 0 2698 8664 4227
162 6272 7019 8235 0 465 5952
3919 7534 3118 1990 1560 0 9887
3563 2313 7565 4352 8842 5668 0
3 5 6 4 0 1 2
3
0 5078 4499
2574 0 8439
8681 6256 0
0 2 1
8
0 2739 3185 6448 5732 1611 8423 7376
2642 0 981 3098 3176 1637 3091 3985
3365 3077 0 9007 2276 6072 6238 6201
7723 4996 8768 0 7488 6245 5861 9684
3965 4366 6124 78 0 5728 1423 4582
5971 916 7166 5672 2372 0 1199 6989
7369 802 8401 9001 2716 854 0 5846
7749 2028 2579 6075 7867 414 5964 0
5 0 1 7 4 3 2 6
10
0 5402 558 2517 8868 1610 2898 2113 6983 5907
7299 0 282 8442 7107 252 962 1703 7260 4203
2202 774 0 8598 7250 6641 1740 9738 1638 4308
2485 4599 320 0 1480 8184 8860 6895 9509 8067
7611 1203 85 4654 0 2286 1856 6241 3818 9957
3798 2262 3102 4272 8924 0 8453 1840 2610 1678
6049 9897 4821 9340 330 6930 0 6352 7592 6893
803 8509 4430 59 913 7308 3503 0 2328 9170
5743 3344 2644 1978 2551 306 9734 6120 0 3467
7523 5451 264 1540 4355 2709 2874 1691 634 0
3 8 9 7 0 1 4 6 5 2
6
0 9002 5318 8371 663 3763
4647 0 9412 8558 1603 9619
3474 8417 0 9469 4504 4315
2820 3184 4647 0 8582 6429
5032 5785 7819 5387 0 9072
2967 5715 3400 1028 5848 0
0 5 4 3 1 2
8
0 7374 2212 9832 7996 4902 6469 1418
7290 0 9015 7078 5911 8982 7939 1080
1739 2523 0 755 1879 6363 8101 4015
6242 9167 4853 0 9046 5139 3156 4277
5168 8264 8148 8476 0 3929 1719 9783
1619 8771 1521 4743 1971 0 3295 3242
8257 5781 5317 6848 2828 2975 0 7231
9210 3044 8031 185 6129 9838 7347 0
2 3 7 5 4 1 6 0
7
0 655 1244 5409 2333 7268 55
8006 0 5513 757 6043 6404 8447
2472 6711 0 2725 7410 6412 7326
5531 564 3025 0 4318 7845 9052
6241 1265 7153 5414 0 4303 3019
3376 4616 921 8002 5941 0 5857
190 5755 4629 5484 4863 2710 0
3 1 6 0 4 5 2
6
0 8135 8056 2731 6818 1947
6446 0 3372 6041 8802 4477
326 8090 0 4681 2324 5920
3786 802 5334 0 2731 3489
8735 6718 4063 3945 0 6553
5885 422 8710 7698 3080 0
4 3 1 2 0 5
9
0 4126 4581 6552 4058 9147 7428 3229 2221
829 0 8920 402 7545 8058 6743 1401 6238
3344 6087 0 3172 4206 1661 3969 8049 8849
5086 6881 9934 0 8240 5495 3051 6953 5026
8102 6470 1024 3490 0 3837 1239 2570 6657
9510 3714 4153 9191 1971 0 8305 2481 4953
4065 9426 9845 329 7915 6595 0 8262 2869
8833 8938 9670 224 8605 7183 2122 0 2417
9115 6008 2864 1343 2201 5846 1260 3789 0
6 2 3 1 8 5 7 4 0
9
0 378 3431 5019 4558 7703 9946 7730 9203
1478 0 8227 9398 1946 8636 9005 1037 9481
1451 3859 0 4419 9141 1992 5830 2510 6268
6266 923 6310 0 5180 5527 708 2860 5417
5637 6464 20 3094 0 6691 8726 8202 5256
3828 8844 9787 7660 6444 0 7369 3386 3594
8755 1288 815 1285 7580 3233 0 1008 9548
345 6817 2151 6440 1133 2911 3440 0 2550
5618 5728 8966 8908 9631 4774 8749 2433 0
8 1 5 7 2 4 3 6 0
10
0 8413 1089 1019 8263 8272 1155 1134 6001 1572
3907 0 3529 3815 1335 7345 109 7184 7900 6387
6034 6975 0 447 9666 8559 9629 1165 4853 5293
4319 8622 875 0 5857 456 5199 5344 4119 6927
8842 6366 3699 6188 0 9727 5986 1787 4877 7875
2609 1038 3033 1350 3540 0 5069 3790 7762 7067
2422 5217 1482 297 2968 3442 0 1523 745 7015
4186 8068 625 6437 7309 520 699 0 1067 8797
9668 1161 6902 3584 5458 8095 9844 4276 0 1222
6083 3389 1707 8099 3651 6417 7757 9152 8112 0
7 6 9 3 4 2 1 8 0 5
7
0 5199 9707 2383 2205 4019 2272
1347 0 1164 4120 138 2994 1710
306 2752 0 3080 3284 8824 6346
1870 1524 8714 0 9113 6032 4143
364 5773 1291 3021 0 2501 8313
5692 4860 1784 4435 1585 0 3978
350 7613 4280 3011 3774 6701 0
5 2 1 0 6 3 4
9
0 3732 6243 7324 6804 5820 469 2143 6925
7411 0 7574 3177 1047 8293 3237 5305 8857
6827 5819 0 9410 5774 758 1186 4932 6018
7237 1919 5114 0 9680 9452 791 4888 408
774 7617 9484 9320 0 2280 6401 2572 2906
8792 2047 7529 9814 5079 0 7165 1888 514
3286 3234 3061 576 9029 944 0 4399 2643
2241 9563 9240 6660 8894 1100 5295 0 1848
6418 4040 3178 7746 2547 2694 4793 9124 0
0 3 2 8 4 5 7 6 1
4
0 7245 1889 8689
3521 0 8488 4130
2750 6840 0 4032
551 1957 7854 0
0 2 3 1
9
0 1901 4271 2493 8875 1444 5348 9417 1404
2867 0 5664 404 7575 7669 5865 577 4806
1700 2871 0 1297 6367 9943 9147 9712 2555
6902 7910 391 0 2980 8251 8730 7783 5784
4378 8162 6238 8116 0 2302 7499 3576 2062
1540 3634 7162 621 7813 0 9902 7054 4700
9622 9788 8889 3889 1344 7599 0 984 5490
5429 459 8933 4769 9295 4057 8588 0 7744
4099 47 4928 4002 4347 9088 1250 2658 0
1 2 5 3 4 0 8 7 6
8
0 6712 290 4178 7051 4854 193 5746
398 0 6101 4538 3699 4216 7676 6889
7488 8563 0 4826 4260 6207 5757 711
9705 9872 3232 0 120 1028 6630 1487
5194 8288 7902 2673 0 1695 7639 3134
9321 1651 5985 877 2285 0 6357 9980
6821 1416 2408 9242 9006 5627 0 5358
1275 3286 2100 8973 7221 3934 2922 0
7 2 1 4 5 6 0 3
5
0 3695 8567 7670 4667
326 0 890 433 5487
638 6452 0 820 333
994 2396 9591 0 614
9894 2160 2940 2771 0
3 0 2 4 1
3
0 4508 6714
8918 0 1388
6871 1360 0
0 2 1
9
0 4765 4518 2363 7964 2736 3757 2104 3402
1206 0 1934 8092 6720 936 5639 713 3203
2804 8496 0 813 2123 375 1551 1996 7454
7505 6086 7272 0 1252 6430 5855 5558 2011
6432 409 5480 7433 0 9875 5476 7621 5734
2642 1803 867 1684 8166 0 2985 5775 3074
6369 2635 8570 7621 8119 2734 0 6904 2056
9133 3964 7984 8279 3791 266 7523 0 2352
9936 1920 6895 4150 1209 8703 6764 4246 0
7 5 3 4 1 2 0 8 6
5
0 4124 867 2585 8159
5600 0 5055 3159 6591
7760 4691 0 3952 855
5822 8858 9637 0 6213
8117 8081 1111 9761 0
4 2 3 0 1
5
0 7887 7301 4763 4946
9955 0 8564 1237 3977
9635 4196 0 1173 1796
8728 1587 2977 0 5622
880 9357 4594 2940 0
4 0 1 3 2
4
0 5362 4252 4716
7782 0 1136 737
782 8979 0 9614
9097 9826 4419 0
1 0 3 2
3
0 5013 4228
1488 0 3732
3175 6335 0
2 1 0
8
0 7545 3564 9095 5037 5397 1440 4478
551 0 2239 4895 3366 7678 8785 5669
9486 8928 0 5329 8918 5088 1697 8936
9160 3541 5439 0 2132 2852 7280 1640
1292 8105 2170 9712 0 4456 4566 7964
7042 8436 43 9881 3553 0 6978 8705
417 5731 142 4108 3786 4573 0 4436
2457 9474 5313 6384 1486 8814 7008 0
0 4 7 5 1 2 6 3
5
0 6536 5644 1511 9291
8242 0 8437 6120 277
944 7967 0 8599 9373
1175 2151 4693 0 9217
2593 9094 1640 8903 0
4 2 0 3 1
4
0 4611 1244 4954
9244 0 8372 5052
8178 6217 0 4663
7235 6030 9478 0
0 1 3 2
10
0 1075 3126 408 4291 9366 3528 4787 3922 9209
5322 0 4697 989 7704 1169 4686 3258 8901 2763
6588 9421 0 4438 6461 7837 1455 9508 3629 1588
7663 3143 2765 0 9613 911 7049 745 2321 3576
1295 1268 2846 6156 0 512 7092 9060 9701 3589
8316 6808 3467 1055 8899 0 3369 487 9041 6193
8965 672 7911 9995 2424 9009 0 1946 6083 48
4682 1203 2789 3288 4684 5736 2686 0 8947 821
10000 1161 2220 8818 2552 7278 8426 2382 0 7813
2111 6591 872 6114 3604 9211 2653 8644 3582 0
4 7 0 5 2 8 1 6 9 3
9
0 5032 8822 7394 8696 3275 2968 7250 2276
1464 0 4695 9767 8323 3167 8120 3904 156
3404 1929 0 4573 4386 8924 9781 1104 8737
6067 4840 1398 0 9820 5041 6697 9735 2539
2685 5421 5411 6321 0 9704 2572 8258 5821
3375 8304 191 9809 6657 0 8624 9033 722
6404 560 7089 3514 196 9703 0 9008 8486
4532 9134 2771 8197 1053 3164 7835 0 3313
909 2822 7424 9909 2934 4427 6180 1948 0
2 5 7 6 3 0 8 4 1
3
0 9758 2883
8236 0 4355
8537 1784 0
1 0 2
4
0 4008 6961 1819
7639 0 1638 2791
9168 8320 0 903
7396 1131 2709 0
1 2 3 0
9
0 4175 6929 1596 7961 7929 2656 985 9147
1629 0 2787 7514 8681 6377 7948 7485 2461
4222 3584 0 9991 2667 4326 1512 6143 7581
4076 1533 1028 0 8982 383 306 2347 2636
9613 8726 6268 4663 0 8350 7193 5478 8567
8698 3146 1839 2330 4984 0 1134 4857 2123
6349 7034 725 6356 844 3806 0 5220 7356
5312 536 3393 4671 8098 9280 7100 0 8966
5761 9592 7065 4639 2964 9321 7578 3990 0
6 4 7 8 2 0 1 3 5
3
0 8825 5383
6090 0 294
4928 4759 0
1 2 0
6
0 7263 5255 9815 2847 1701
9961 0 33 5749 2153 2294
5254 7668 0 192 557 4912
2544 5 335 0 8457 1248
7856 2378 7589 5305 0 1899
4892 5409 3961 3627 6346 0
1 2 4 5 0 3
6
0 9975 572 7959 7351 6547
7986 0 6238 8399 4172 5580
6291 4402 0 9456 7392 3102
9897 2967 5975 0 6138 7501
3666 957 1694 1935 0 2416
756 7950 4435 4365 7270 0
0 3 1 2 4 5
5
0 6144 758 3465 9631
9534 0 2751 5431 5289
4037 6173 0 9207 7619
7636 9038 3958 0 7315
4387 3704 5428 27 0
4 2 3 1 0
4
0 8544 8467 902
5659 0 277 2289
6462 9304 0 6198
1126 7863 6000 0
2 3 0 1
8
0 6283 7580 2376 4014 686 4826 1121
2044 0 7011 773 543 3450 2472 7536
589 6098 0 3850 5700 5161 6567 227
4715 8983 5966 0 3707 7450 4526 9009
9126 9002 648 6850 0 1629 2260 684
1872 7805 2285 5168 8033 0 9115 3535
4348 7279 3375 3543 622 4099 0 9392
5874 815 9133 2552 7744 4639 9808 0
2 1 3 0 6 5 4 7
5
0 148 8782 1591 7062
862 0 8860 9580 3190
1800 4432 0 4715 9991
4427 3751 8911 0 8682
6844 8498 8971 6578 0
4 2 0 1 3
3
0 3354 8892
2434 0 7933
6945 5594 0
1 0 2
6
0 5565 984 400 6272 1598
1486 0 1335 3888 5427 8580
5572 210 0 6973 3050 1197
6258 5715 9848 0 3467 6942
7241 2740 4963 4193 0 1677
3185 1560 6019 2785 5275 0
4 3 2 5 0 1
8
0 4613 6188 4233 1580 3960 5964 8579
3186 0 3206 8407 5676 7412 2119 9772
9991 7768 0 7546 6177 6740 366 8611
7328 5576 7752 0 104 8131 8225 9533
8203 6570 6782 8034 0 3753 5442 6975
203 8197 7702 3044 5652 0 4435 688
7487 5944 82 4305 98 6850 0 5658
8440 3544 5391 2594 400 1887 8626 0
0 5 3 7 6 4 1 2
4
0 8566 3181 6453
1421 0 129 7483
2979 4392 0 8154
113 4987 5770 0
0 2 3 1
6
0 952 2502 4597 4569 4758
8621 0 1379 9194 8244 7360
8791 9658 0 5166 6388 1784
4813 1392 9683 0 9589 7646
8157 2549 7296 9785 0 1730
9706 5858 7076 8634 9612 0
5 4 3 0 1 2
5
0 4376 473 8320 6891
7890 0 8572 8991 6993
3772 7366 0 6882 921
2188 3161 8633 0 1565
1914 7056 5950 7432 0
4 3 2 0 1
10
0 502 9974 5857 1997 9270 2623 8833 8437 8989
775 0 913 3750 85 2296 403 7099 1682 8709
4583 6718 0 2751 6299 2393 5436 9917 4673 6302
6950 5541 9433 0 5210 3249 7826 8043 5979 9432
5409 9136 5870 9661 0 4449 1626 955 2680 4635
184 636 6131 4711 9646 0 2629 5980 7950 2893
18 7640 7916 5234 1324 5982 0 6706 2829 2854
860 5065 2938 3523 6456 7792 144 0 2233 4719
6936 7683 4647 1101 520 8666 4629 7298 0 9998
8988 8069 7148 4415 5427 4253 8473 6355 3725 0
8 9 6 1 0 4 5 2 7 3
5
0 4652 4650 5057 3717
8469 0 8898 1398 1858
1222 6083 0 7707 5961
9657 8433 7944 0 4642
9081 5939 5402 2759 0
1 4 3 2 0
6
0 6180 8399 9472 7687 2594
2659 0 5498 624 1837 283
525 7258 0 7967 2106 4527
5546 5016 9745 0 1498 4961
1961 6404 3918 7924 0 6773
3699 9129 6912 9624 6122 0
3 0 4 2 5 1
4
0 6581 244 4017
326 0 1613 4934
8489 326 0 65
6087 7802 4686 0
2 0 1 3
10
0 7122 3959 8408 3629 9033 3217 7044 1008 5691
8561 0 7667 1646 2949 2806 7190 754 497 3750
5933 8233 0 9550 7653 8906 2049 5481 3408 7929
2956 4607 714 0 3367 7656 8149 5100 9789 5578
9299 4657 6000 8452 0 2084 5410 9626 7502 1368
6235 470 6682 2429 5474 0 5739 8022 7250 5624
5522 698 9673 8331 4624 6372 0 8697 6730 4327
2825 5907 3564 8828 5121 1083 313 0 4341 2818
5217 5568 5689 4108 293 8447 6739 598 0 4438
7946 9639 4363 346 6353 7750 3955 7631 685 0
6 3 8 0 9 2 4 7 1 5
9
0 5599 1858 1572 9139 2989 6772 1234 8348
2811 0 1268 6834 1625 4347 5373 9409 7914
7006 5375 0 911 6263 6091 2138 7344 1073
1891 5062 7916 0 9324 8234 5763 575 3123
9902 3554 7182 1335 0 2749 8013 7642 7050
4177 1205 1429 6085 18 0 5013 9490 8683
929 837 3665 8868 8629 3851 0 8090 6429
502 8838 9618 221 2138 4708 3046 0 3572
977 5153 9466 976 7674 6986 9157 1603 0
2 4 0 7 1 6 3 8 5
8
0 5662 9677 1488 6645 8593 9214 6844
1580 0 1303 8629 1809 2449 6452 4253
2489 1550 0 2072 4510 5618 348 7112
3981 1230 1415 0 7661 1386 8755 9952
8832 766 9193 6083 0 6015 2657 9135
1169 8354 6165 3669 9606 0 3389 5422
8586 5262 2843 5301 4400 4443 0 7319
7220 4598 4833 4743 1654 5634 2031 0
1 0 5 2 3 6 4 7
8
0 6970 3687 3605 4373 3284 1526 8804
8905 0 9932 5630 5675 2261 7145 2321
8433 9420 0 2866 276 6198 9365 8041
1113 1988 2135 0 2933 9652 5598 7920
5614 9296 7751 2512 0 4619 5457 1038
8 2658 5533 8441 3164 0 4977 7906
6769 7277 3895 5763 6293 3366 0 6528
9794 4925 2589 8170 1172 3881 6125 0
3 0 1 4 7 5 6 2
3
0 3982 5695
743 0 7609
3033 5329 0
2 0 1
10
0 7842 6433 6761 8901 1079 5726 3758 8966 7085
7203 0 9538 7431 2774 6808 6547 2317 982 4145
1441 6721 0 8313 6535 5743 7848 8258 4654 4527
3945 6738 8956 0 2261 1063 1836 9284 840 1146
2137 3587 5932 8033 0 9169 281 3691 1888 7633
9544 3307 233 6446 9035 0 6364 4594 990 2224
5854 9140 8904 7599 4383 1780 0 141 2041 7387
8231 4703 9214 9005 7303 8999 8046 0 8356 2816
7791 4558 6361 9969 9804 3008 8054 5110 0 7244
1065 7481 4178 8402 2997 9536 7676 1578 6661 0
4 2 8 1 7 0 9 5 6 3
