481099
880025
44877
42783
810644
54489
425457
750564
969054
711816
83955
86946
190728
744122
1110454
724446
1040955
91978
688892
960671
1052847
162864
819142
1123012
788295
140821
74068
823859
966036
946684
673818
289550
158280
379517
352291
137344
761052
993795
60247
55464
89546
36294
759743
942630
1016200
374201
449706
48856
667301
607535
391637
805113
377111
244155
1042184
734359
1050894
288477
725191
84372
809488
553629
85646
31030
704929
192989
152759
88892
30472
722914
140271
128232
855131
824591
41882
78456
804264
39722
210800
327577
224876
97624
506904
168403
50989
181603
666216
92890
363972
199266
964994
208875
336043
60625
956466
848972
685969
659739
29945
1315150
