ARBOL:
[-1, 0, 0, 0, 0, 0, 0, 0, 0, 0, 0, 0, 0, 0]
ARBOL:
[-1, 0, 0, 0, 0, 0, 0, 0, 0, 0, 0, 0, 0, 0]
ARBOL:
[-1, 0, 0, 0, 0, 0, 0, 0, 0, 0, 1, 1, 0, 0]
ARBOL:
[-1, 0, 0, 0, 0, 0, 0, 0, 0, 0, 1, 1, 0, 0]
ARBOL:
[-1, 0, 0, 0, 0, 0, 0, 0, 0, 0, 1, 1, 3, 0]
ARBOL:
[-1, 0, 0, 0, 0, 0, 0, 4, 4, 0, 1, 1, 3, 0]
ARBOL:
[-1, 0, 0, 0, 0, 0, 0, 4, 4, 5, 1, 1, 3, 0]
ARBOL:
[-1, 0, 0, 0, 0, 0, 0, 4, 4, 5, 1, 1, 3, 0]
1
GRAFO:
0 1 1 1 1 1 1 0 0 0 0 0 0 0 
0 0 0 0 0 0 0 0 0 0 1 1 0 0 
0 0 0 0 0 0 0 0 0 0 1 1 0 0 
0 0 0 0 0 0 0 0 0 0 0 1 1 0 
0 0 0 0 0 0 0 1 1 0 0 0 0 0 
0 0 0 0 0 0 0 0 1 1 0 0 0 0 
0 0 0 0 0 0 0 0 0 1 1 0 0 0 
0 0 0 0 0 0 0 0 0 0 0 0 0 3 
0 0 0 0 0 0 0 0 0 0 0 0 0 3 
0 0 0 0 0 0 0 0 0 0 0 0 0 3 
0 0 0 0 0 0 0 0 0 0 0 0 0 3 
0 0 0 0 0 0 0 0 0 0 0 0 0 3 
0 0 0 0 0 0 0 0 0 0 0 0 0 3 
0 0 0 0 0 0 0 0 0 0 0 0 0 0 
ARBOL:
[-1, 0, 0, 0, 0, 0, 0, 4, 4, 5, 1, 1, 3, 10]
FLUJO MAXIMO: 1
RESIDUO MINIMO: 1
ARBOL:
[-1, 0, 0, 0, 0, 0, 0, 4, 4, 5, 1, 1, 3, 10]
ARBOL:
[-1, 0, 0, 0, 0, 0, 0, 4, 4, 5, 1, 1, 3, 10]
ARBOL:
[-1, 0, 0, 0, 0, 0, 0, 4, 4, 5, 2, 2, 3, 10]
ARBOL:
[-1, 0, 0, 0, 0, 0, 0, 4, 4, 5, 2, 2, 3, 10]
ARBOL:
[-1, 0, 0, 0, 0, 0, 0, 4, 4, 5, 2, 2, 3, 10]
ARBOL:
[-1, 0, 0, 0, 0, 0, 0, 4, 4, 5, 2, 2, 3, 10]
ARBOL:
[-1, 0, 0, 0, 0, 0, 0, 4, 4, 5, 2, 2, 3, 10]
1
GRAFO:
0 0 1 1 1 1 1 0 0 0 0 0 0 0 
1 0 0 0 0 0 0 0 0 0 0 1 0 0 
0 0 0 0 0 0 0 0 0 0 1 1 0 0 
0 0 0 0 0 0 0 0 0 0 0 1 1 0 
0 0 0 0 0 0 0 1 1 0 0 0 0 0 
0 0 0 0 0 0 0 0 1 1 0 0 0 0 
0 0 0 0 0 0 0 0 0 1 1 0 0 0 
0 0 0 0 0 0 0 0 0 0 0 0 0 3 
0 0 0 0 0 0 0 0 0 0 0 0 0 3 
0 0 0 0 0 0 0 0 0 0 0 0 0 3 
0 1 0 0 0 0 0 0 0 0 0 0 0 2 
0 0 0 0 0 0 0 0 0 0 0 0 0 3 
0 0 0 0 0 0 0 0 0 0 0 0 0 3 
0 0 0 0 0 0 0 0 0 0 1 0 0 0 
ARBOL:
[-1, 10, 0, 0, 0, 0, 0, 4, 4, 5, 2, 2, 3, 10]
FLUJO MAXIMO: 2
RESIDUO MINIMO: 1
ARBOL:
[-1, 10, 0, 0, 0, 0, 0, 4, 4, 5, 2, 2, 3, 10]
ARBOL:
[-1, 10, 0, 0, 0, 0, 0, 4, 4, 5, 2, 2, 3, 10]
ARBOL:
[-1, 10, 0, 0, 0, 0, 0, 4, 4, 5, 2, 3, 3, 10]
ARBOL:
[-1, 10, 0, 0, 0, 0, 0, 4, 4, 5, 2, 3, 3, 10]
ARBOL:
[-1, 10, 0, 0, 0, 0, 0, 4, 4, 5, 2, 3, 3, 10]
ARBOL:
[-1, 10, 0, 0, 0, 0, 0, 4, 4, 5, 6, 3, 3, 10]
1
GRAFO:
0 0 0 1 1 1 1 0 0 0 0 0 0 0 
1 0 0 0 0 0 0 0 0 0 0 1 0 0 
1 0 0 0 0 0 0 0 0 0 0 1 0 0 
0 0 0 0 0 0 0 0 0 0 0 1 1 0 
0 0 0 0 0 0 0 1 1 0 0 0 0 0 
0 0 0 0 0 0 0 0 1 1 0 0 0 0 
0 0 0 0 0 0 0 0 0 1 1 0 0 0 
0 0 0 0 0 0 0 0 0 0 0 0 0 3 
0 0 0 0 0 0 0 0 0 0 0 0 0 3 
0 0 0 0 0 0 0 0 0 0 0 0 0 3 
0 1 1 0 0 0 0 0 0 0 0 0 0 1 
0 0 0 0 0 0 0 0 0 0 0 0 0 3 
0 0 0 0 0 0 0 0 0 0 0 0 0 3 
0 0 0 0 0 0 0 0 0 0 2 0 0 0 
ARBOL:
[-1, 10, 0, 0, 0, 0, 0, 4, 4, 5, 6, 3, 3, 11]
FLUJO MAXIMO: 3
RESIDUO MINIMO: 1
ARBOL:
[-1, 10, 0, 0, 0, 0, 0, 4, 4, 5, 6, 3, 3, 11]
ARBOL:
[-1, 10, 0, 0, 0, 0, 0, 4, 4, 5, 6, 3, 3, 11]
ARBOL:
[-1, 10, 0, 0, 0, 0, 0, 4, 4, 5, 6, 3, 3, 11]
ARBOL:
[-1, 10, 0, 0, 0, 0, 0, 4, 4, 5, 6, 3, 3, 11]
ARBOL:
[-1, 10, 0, 0, 0, 0, 0, 4, 4, 5, 6, 3, 3, 11]
1
GRAFO:
0 0 0 0 1 1 1 0 0 0 0 0 0 0 
1 0 0 0 0 0 0 0 0 0 0 1 0 0 
1 0 0 0 0 0 0 0 0 0 0 1 0 0 
1 0 0 0 0 0 0 0 0 0 0 0 1 0 
0 0 0 0 0 0 0 1 1 0 0 0 0 0 
0 0 0 0 0 0 0 0 1 1 0 0 0 0 
0 0 0 0 0 0 0 0 0 1 1 0 0 0 
0 0 0 0 0 0 0 0 0 0 0 0 0 3 
0 0 0 0 0 0 0 0 0 0 0 0 0 3 
0 0 0 0 0 0 0 0 0 0 0 0 0 3 
0 1 1 0 0 0 0 0 0 0 0 0 0 1 
0 0 0 1 0 0 0 0 0 0 0 0 0 2 
0 0 0 0 0 0 0 0 0 0 0 0 0 3 
0 0 0 0 0 0 0 0 0 0 2 1 0 0 
ARBOL:
[-1, 10, 0, 0, 0, 0, 0, 4, 4, 5, 6, 3, 3, 7]
FLUJO MAXIMO: 4
RESIDUO MINIMO: 1
ARBOL:
[-1, 10, 0, 0, 0, 0, 0, 4, 4, 5, 6, 3, 3, 7]
ARBOL:
[-1, 10, 0, 0, 0, 0, 0, 4, 4, 5, 6, 3, 3, 7]
ARBOL:
[-1, 10, 0, 0, 0, 0, 0, 4, 5, 5, 6, 3, 3, 7]
ARBOL:
[-1, 10, 0, 0, 0, 0, 0, 4, 5, 5, 6, 3, 3, 7]
1
GRAFO:
0 0 0 0 0 1 1 0 0 0 0 0 0 0 
1 0 0 0 0 0 0 0 0 0 0 1 0 0 
1 0 0 0 0 0 0 0 0 0 0 1 0 0 
1 0 0 0 0 0 0 0 0 0 0 0 1 0 
1 0 0 0 0 0 0 0 1 0 0 0 0 0 
0 0 0 0 0 0 0 0 1 1 0 0 0 0 
0 0 0 0 0 0 0 0 0 1 1 0 0 0 
0 0 0 0 1 0 0 0 0 0 0 0 0 2 
0 0 0 0 0 0 0 0 0 0 0 0 0 3 
0 0 0 0 0 0 0 0 0 0 0 0 0 3 
0 1 1 0 0 0 0 0 0 0 0 0 0 1 
0 0 0 1 0 0 0 0 0 0 0 0 0 2 
0 0 0 0 0 0 0 0 0 0 0 0 0 3 
0 0 0 0 0 0 0 1 0 0 2 1 0 0 
ARBOL:
[-1, 10, 0, 0, 0, 0, 0, 4, 5, 5, 6, 3, 3, 8]
FLUJO MAXIMO: 5
RESIDUO MINIMO: 1
ARBOL:
[-1, 10, 0, 0, 0, 0, 0, 4, 5, 5, 6, 3, 3, 8]
ARBOL:
[-1, 10, 0, 0, 0, 0, 0, 4, 5, 5, 6, 3, 3, 8]
ARBOL:
[-1, 10, 0, 0, 0, 0, 0, 4, 5, 6, 6, 3, 3, 8]
1
GRAFO:
0 0 0 0 0 0 1 0 0 0 0 0 0 0 
1 0 0 0 0 0 0 0 0 0 0 1 0 0 
1 0 0 0 0 0 0 0 0 0 0 1 0 0 
1 0 0 0 0 0 0 0 0 0 0 0 1 0 
1 0 0 0 0 0 0 0 1 0 0 0 0 0 
1 0 0 0 0 0 0 0 0 1 0 0 0 0 
0 0 0 0 0 0 0 0 0 1 1 0 0 0 
0 0 0 0 1 0 0 0 0 0 0 0 0 2 
0 0 0 0 0 1 0 0 0 0 0 0 0 2 
0 0 0 0 0 0 0 0 0 0 0 0 0 3 
0 1 1 0 0 0 0 0 0 0 0 0 0 1 
0 0 0 1 0 0 0 0 0 0 0 0 0 2 
0 0 0 0 0 0 0 0 0 0 0 0 0 3 
0 0 0 0 0 0 0 1 1 0 2 1 0 0 
ARBOL:
[-1, 10, 0, 0, 0, 0, 0, 4, 5, 6, 6, 3, 3, 9]
FLUJO MAXIMO: 6
RESIDUO MINIMO: 1
ARBOL:
[-1, 10, 0, 0, 0, 0, 0, 4, 5, 6, 6, 3, 3, 9]
0
6
YES
ARBOL:
[-1, 0, 0, 0, 0, 0, 0, 0, 0, 0, 0, 0]
ARBOL:
[-1, 0, 0, 0, 0, 0, 0, 0, 0, 0, 0, 0]
ARBOL:
[-1, 0, 0, 0, 0, 0, 1, 0, 0, 1, 0, 0]
ARBOL:
[-1, 0, 0, 0, 0, 0, 1, 0, 2, 1, 0, 0]
ARBOL:
[-1, 0, 0, 0, 0, 0, 1, 0, 2, 1, 0, 0]
ARBOL:
[-1, 0, 0, 0, 0, 0, 1, 0, 2, 1, 0, 0]
1
GRAFO:
0 1 1 1 1 0 0 0 0 0 0 0 
0 0 0 0 0 0 1 0 0 1 0 0 
0 0 0 0 0 0 1 0 1 0 0 0 
0 0 0 0 0 0 0 0 1 1 0 0 
0 0 0 0 0 0 0 0 1 1 0 0 
0 0 0 0 0 0 0 0 0 0 0 1 
0 0 0 0 0 0 0 0 0 0 0 1 
0 0 0 0 0 0 0 0 0 0 0 1 
0 0 0 0 0 0 0 0 0 0 0 1 
0 0 0 0 0 0 0 0 0 0 0 1 
0 0 0 0 0 0 0 0 0 0 0 1 
0 0 0 0 0 0 0 0 0 0 0 0 
ARBOL:
[-1, 0, 0, 0, 0, 0, 1, 0, 2, 1, 0, 6]
FLUJO MAXIMO: 1
RESIDUO MINIMO: 1
ARBOL:
[-1, 0, 0, 0, 0, 0, 1, 0, 2, 1, 0, 6]
ARBOL:
[-1, 0, 0, 0, 0, 0, 1, 0, 2, 1, 0, 6]
ARBOL:
[-1, 0, 0, 0, 0, 0, 2, 0, 2, 1, 0, 6]
ARBOL:
[-1, 0, 0, 0, 0, 0, 2, 0, 2, 3, 0, 6]
ARBOL:
[-1, 0, 0, 0, 0, 0, 2, 0, 2, 3, 0, 6]
ARBOL:
[-1, 6, 0, 0, 0, 0, 2, 0, 2, 3, 0, 6]
1
GRAFO:
0 0 1 1 1 0 0 0 0 0 0 0 
1 0 0 0 0 0 0 0 0 1 0 0 
0 0 0 0 0 0 1 0 1 0 0 0 
0 0 0 0 0 0 0 0 1 1 0 0 
0 0 0 0 0 0 0 0 1 1 0 0 
0 0 0 0 0 0 0 0 0 0 0 1 
0 1 0 0 0 0 0 0 0 0 0 0 
0 0 0 0 0 0 0 0 0 0 0 1 
0 0 0 0 0 0 0 0 0 0 0 1 
0 0 0 0 0 0 0 0 0 0 0 1 
0 0 0 0 0 0 0 0 0 0 0 1 
0 0 0 0 0 0 1 0 0 0 0 0 
ARBOL:
[-1, 6, 0, 0, 0, 0, 2, 0, 2, 3, 0, 8]
FLUJO MAXIMO: 2
RESIDUO MINIMO: 1
ARBOL:
[-1, 6, 0, 0, 0, 0, 2, 0, 2, 3, 0, 8]
ARBOL:
[-1, 6, 0, 0, 0, 0, 2, 0, 2, 3, 0, 8]
ARBOL:
[-1, 6, 0, 0, 0, 0, 2, 0, 3, 3, 0, 8]
ARBOL:
[-1, 6, 0, 0, 0, 0, 2, 0, 3, 3, 0, 8]
ARBOL:
[-1, 6, 8, 0, 0, 0, 2, 0, 3, 3, 0, 8]
1
GRAFO:
0 0 0 1 1 0 0 0 0 0 0 0 
1 0 0 0 0 0 0 0 0 1 0 0 
1 0 0 0 0 0 1 0 0 0 0 0 
0 0 0 0 0 0 0 0 1 1 0 0 
0 0 0 0 0 0 0 0 1 1 0 0 
0 0 0 0 0 0 0 0 0 0 0 1 
0 1 0 0 0 0 0 0 0 0 0 0 
0 0 0 0 0 0 0 0 0 0 0 1 
0 0 1 0 0 0 0 0 0 0 0 0 
0 0 0 0 0 0 0 0 0 0 0 1 
0 0 0 0 0 0 0 0 0 0 0 1 
0 0 0 0 0 0 1 0 1 0 0 0 
ARBOL:
[-1, 6, 8, 0, 0, 0, 2, 0, 3, 3, 0, 9]
FLUJO MAXIMO: 3
RESIDUO MINIMO: 1
ARBOL:
[-1, 6, 8, 0, 0, 0, 2, 0, 3, 3, 0, 9]
ARBOL:
[-1, 6, 8, 0, 0, 0, 2, 0, 3, 3, 0, 9]
ARBOL:
[-1, 6, 8, 0, 0, 0, 2, 0, 4, 4, 0, 9]
ARBOL:
[-1, 6, 8, 0, 0, 0, 2, 0, 4, 4, 0, 9]
ARBOL:
[-1, 6, 8, 9, 0, 0, 2, 0, 4, 4, 0, 9]
ARBOL:
[-1, 6, 8, 9, 0, 0, 2, 0, 4, 4, 0, 9]
ARBOL:
[-1, 6, 8, 9, 0, 0, 2, 0, 4, 4, 0, 9]
ARBOL:
[-1, 6, 8, 9, 0, 0, 2, 0, 4, 4, 0, 9]
0
3
NO
ARBOL:
[-1, 0, 0, 0, 0, 0, 0, 0, 0]
ARBOL:
[-1, 0, 0, 0, 0, 0, 0, 0, 0]
ARBOL:
[-1, 0, 0, 0, 1, 1, 0, 0, 0]
1
GRAFO:
0 1 0 0 0 0 0 0 0 
0 0 0 0 1 1 0 0 0 
0 0 0 0 0 0 0 0 1 
0 0 0 0 0 0 0 0 1 
0 0 0 0 0 0 0 0 1 
0 0 0 0 0 0 0 0 1 
0 0 0 0 0 0 0 0 1 
0 0 0 0 0 0 0 0 1 
0 0 0 0 0 0 0 0 0 
ARBOL:
[-1, 0, 0, 0, 1, 1, 0, 0, 4]
FLUJO MAXIMO: 1
RESIDUO MINIMO: 1
ARBOL:
[-1, 0, 0, 0, 1, 1, 0, 0, 4]
0
1
YES
